0.0
9.737217529331001
13.94532148144665
21.812613961818418
30.756201283749373
42.37575550896755
56.8427964862336
74.81122116558144
97.60296660452302
126.71417623456156
162.2166148746767
206.86085425289897
265.0588534877618
334.75987935535613
424.2017269087788
531.6387183907563
662.9159419563738
828.584864961514
1026.9897146483142
1276.2257781591577
1575.7446016777462
1892.3369963907962
2291.1078970029957
2769.290546541695
3300.937939562128
3901.5360609867416
4535.043619524913
5410.498792301111
6285.962916638943
7512.225984960365
8738.506615398914
10203.184966143031
11952.004090668244
13733.149105644367
15931.037114552904
18128.98152926316
20647.474371664437
23166.0412662758
26033.453015806153
29068.657043273608
32103.9686042268
36154.851097931205
40527.68180544376
44900.7356495325
49562.10067485541
54948.013710743304
60565.41045303612
66344.31688481096
72923.17362272809
79502.53499515311
86829.31172014959
94587.604557275
102346.59877101709
111445.4438875586
120721.07057421342
130331.93261010856
141174.20451130104
152368.13706102924
164369.4337970236
176372.4055087283
189813.8829086872
203257.45978993055
216920.7842412061
231086.7621422656
246654.2493951328
262224.547740843
277797.65674457676
296900.1563553182
316098.80496854254
335301.71910934226
356109.4944320513
378176.44721722254
401268.7099941198
424367.12510599906
450206.14088975184
476052.8454522718
503019.9669828632
529995.4457729666
556979.277731276
586715.4423255052
616461.7332514412
646218.1442293316
675984.6687112119
708156.2043019126
740339.5283709348
772534.6315643233
808385.1713793977
844250.2796095875
880129.9416905558
916024.1424926001
953396.8018048856
990785.1736962332
1.0281892389995875e6
1.0667175203806302e6
1.1055006386234176e6
1.144759415204342e6
1.1840353412841652e6
1.2233283908369713e6
1.268207643194901e6
1.3139505957566781e6
1.3597165855289504e6
1.406763911455311e6
1.4538354563021145e6
1.5037769850804433e6
1.553745620199999e6
1.6037412931182864e6
1.6559407752531443e6
1.7081695392188546e6
1.7604274997782144e6
1.8149557389880707e6
1.8695155326591914e6
1.9265183703270939e6
1.983555372595273e6
2.040626412461304e6
2.1002608596855863e6
2.1599321306468113e6
2.2234763989855037e6
2.2870620012350143e6
2.35802232626307e6
2.4290335252915923e6
2.500095305093905e6
2.572767093001888e6
2.64549105835937e6
2.7182668613694184e6
2.791094153202964e6
2.8703312288706023e6
2.9496282712115315e6
3.028984795617417e6
3.111723134792781e6
3.1945249190262505e6
3.277389556635512e6
3.362608134158893e6
3.4526524677029033e6
3.542768508941524e6
3.6329554233730664e6
3.723212355931927e6
3.8274444454867947e6
3.9317672150243586e6
4.0365949231820046e6
4.1415111377596967e6
4.246514352031014e6
4.36694934636751e6
4.464277231150183e6
4.562113574162415e6
4.660019553240056e6
4.757993810583948e6
4.836784670629956e6
4.9006723125693705e6
4.970352470575855e6
5.040064799007912e6
5.112764139131622e6
5.188557598282645e6
5.269292984234281e6
5.335096581274558e6
5.409384811162541e6
5.483705531525674e6
5.558058056173477e6
5.645956676959356e6
5.73389757124592e6
5.821879557808161e6
5.909901437660377e6
5.997961993971344e6
6.086059992143026e6
6.1891481702212775e6
6.292283820947229e6
6.395464875589191e6
6.498689231795002e6
6.601954753472617e6
6.705259270761813e6
6.790744515034653e6
6.876253672287096e6
6.962238486256219e6
7.048530313524822e6
7.134842490968148e6
7.231227017085743e6
7.310468688528631e6
7.389723968692165e6
7.468991764633843e6
7.548270971429472e6
7.627560472237059e6
7.707255242035871e6
7.7869581105908705e6
7.875776356987534e6
7.964601567780466e6
8.05343208644725e6
8.1422662372434195e6
8.231102325145071e6
8.319938635747897e6
8.413362586913625e6
8.506782826550258e6
8.600231815784294e6
8.698697165122157e6
8.775133460667469e6
8.851561826415576e6
8.929452047465643e6
9.007331539599944e6
9.085514937005164e6
9.16368492987706e6
9.245465060139544e6
9.32722755209957e6
9.409700268675018e6
9.492151873984868e6
9.576003629083999e6
9.641666006142635e6
9.70731208039459e6
9.772941016432812e6
9.842238039121887e6
9.911514004779192e6
9.98076790568707e6
1.0053655873452447e7
1.0126517062058773e7
1.0199350266207673e7
1.0272154270523613e7
1.0344927849396659e7
1.0417669767009607e7
1.0502274062972087e7
1.057172620998479e7
1.0648525093412807e7
1.0725282684463937e7
1.0801997458013877e7
1.0878667875602944e7
1.0955292385384247e7
1.1026047124419235e7
1.1083741759425318e7
1.1155718105740834e7
1.1227648735760793e7
1.1299532304366175e7
1.1371367455443565e7
1.1443152821839858e7
1.1514887025277222e7
1.158968285938253e7
1.1666971648377711e7
1.1744195763614167e7
1.182135341372888e7
1.1898442791694175e7
1.1975462074565845e7
1.205240942341641e7
1.2129282983139394e7
1.220608088233885e7
1.2282801233162686e7
1.2359442131100304e7
1.2436001654910652e7
1.2512477866386678e7
1.258886881019019e7
1.2675927205370007e7
1.2762869057397239e7
1.2849691378037164e7
1.2936391148679389e7
1.3022965320090096e7
1.310941081195643e7
1.3198777448282296e7
1.3272370385413313e7
1.3345862876453662e7
1.3419252927399727e7
1.349253852672287e7
1.3565717645081202e7
1.3640877887066118e7
1.3715921051544482e7
1.3790844869767925e7
1.3865647052071067e7
1.3931691575520158e7
1.3997637562422398e7
1.4065328711667286e7
1.4132912221556138e7
1.4200831238915926e7
1.4270834767792443e7
1.434071608421579e7
1.441047311952736e7
1.4480103786580361e7
1.454960597938509e7
1.4618977572978737e7
1.4691358299170591e7
1.4763591475712895e7
1.4835674606142158e7
1.4907605169932315e7
1.4979380622215167e7
1.5050998393376842e7
1.5122663094016671e7
1.5194163943672769e7
1.5269629919736426e7
1.5344906307885626e7
1.5419989880563194e7
1.549487737573627e7
1.5569565496388113e7
1.5644050909756124e7
1.571833024682451e7
1.5792400101623112e7
1.5848196814449124e7
1.5903870592685381e7
1.5965150087074546e7
1.6026276056378784e7
1.6087246435017115e7
1.6149585768719167e7
1.6200340929034194e7
1.6250982954436788e7
1.6301510590775242e7
1.6351922573697101e7
1.6407182089991968e7
1.6462298717154082e7
1.651975382675367e7
1.6577048963720862e7
1.6634182124987865e7
1.6691151288114764e7
1.6747954410917334e7
1.6804589431104843e7
1.686105426598936e7
1.691901136752314e7
1.697678350439377e7
1.703436833298633e7
1.7092556270941976e7
1.715054675301475e7
1.7197207585646473e7
1.7235854822071988e7
1.7277183185013782e7
1.7318405399470657e7
1.7359520498353917e7
1.7402318214259934e7
1.744499706200719e7
1.7487555914480727e7
1.753098699224068e7
1.757428996302576e7
1.7618248083297577e7
1.766207078475291e7
1.7707199984945945e7
1.775305456181563e7
1.779875432878867e7
1.784429768298626e7
1.7890229591644242e7
1.793599793736364e7
1.7981601007561915e7
1.8029218919349916e7
1.807665135449898e7
1.812528381291536e7
1.817371531343529e7
1.8221943583928958e7
1.826996632563429e7
1.830533069554474e7
1.8340580545199562e7
1.8378774831839774e7
1.841683136860702e7
1.8455756743926905e7
1.8494534241850402e7
1.8533162477347355e7
1.8574507864891008e7
1.861567748825457e7
1.865666957180734e7
1.8698721967536367e7
1.8740581953929402e7
1.8782247518955532e7
1.8823716626201194e7
1.886692846376127e7
1.890560888933703e7
1.8944109487569172e7
1.89839048799034e7
1.9023502329322673e7
1.9062899782848e7
1.9102095161200706e7
1.914108635816094e7
1.9179871239876546e7
1.92184476441782e7
1.9256813379944153e7
1.929610769620647e7
1.9335173694888122e7
1.9374008880009238e7
1.9412610719362397e7
1.9446262375691134e7
1.9479730914591268e7
1.9514215323775794e7
1.9548499208072256e7
1.9582580533061728e7
1.9616457235504914e7
1.9650127222549934e7
1.968487729436157e7
1.97193996589528e7
1.975369186409846e7
1.978775141903598e7
1.9821575793272413e7
1.985516241550488e7
1.989105506183276e7
1.9920585794332515e7
1.994661503445957e7
1.9972489077384997e7
1.9998206545698546e7
2.0023766042924564e7
2.004916615302919e7
2.0075592035780232e7
2.0101839891085118e7
2.012790802002896e7
2.015474840142637e7
2.017666927624458e7
2.0201030906156372e7
2.022522288642387e7
2.024924362706642e7
2.027309151308116e7
2.029676490372272e7
2.0317496844157513e7
2.0338090606830537e7
2.0360249732690606e7
2.0382243689263113e7
2.040407092911327e7
2.042572987920183e7
2.0447218940158177e7
2.0469598277126968e7
2.049178659375445e7
2.051581171216817e7
2.053510407510459e7
2.0554242107071023e7
2.0573224377656024e7
2.0593516521602478e7
2.0613624010954052e7
2.063467763354902e7
2.0655909197848264e7
2.0676919561219092e7
2.069770620517045e7
2.0715531558061976e7
2.0733185360346273e7
2.0752097917275313e7
2.077080519809553e7
2.0786188677730575e7
2.0803462437950082e7
2.0816954217889998e7
2.083114505606817e7
2.0845585793859065e7
2.0859883545683432e7
2.08740369285907e7
2.0889080030334927e7
2.090395308328723e7
2.0918654259520087e7
2.093144407396327e7
2.094409811324956e7
2.095771274807342e7
2.0971163267910063e7
2.0984447880350783e7
2.099769746071339e7
2.1010773924452003e7
2.102367528277842e7
2.1036628226142574e7
2.1049395339954473e7
2.1061974352344215e7
2.107436292734876e7
2.108750022951234e7
2.110041038370951e7
2.1113090186536167e7
2.1125536327452946e7
2.1137745382053234e7
2.114971380505646e7
2.1161437922559384e7
2.1171751613173906e7
2.1181862493233953e7
2.1191767604786806e7
2.1200250754613545e7
2.120857238201505e7
2.121673030157114e7
2.1224722253374957e7
2.123266115716665e7
2.1240424169425335e7
2.1248008662411306e7
2.12541864669825e7
2.1260578519168545e7
2.1266826302054524e7
2.127292774908344e7
2.12788807169995e7
2.1284682980918895e7
2.129033222928078e7
2.129582605801853e7
2.1301161964606423e7
2.130633734135674e7
2.131134946836706e7
2.1316195505815342e7
2.1320872485896405e7
2.1325377304117613e7
2.132917536215398e7
2.133283683917222e7
2.133596938502569e7
2.13389908145179e7
2.1341899340677813e7
2.134489594829868e7
2.1347757734903257e7
2.135048222243692e7
2.135322558457161e7
2.135580762824257e7
2.1357666259145685e7
2.1359427673156623e7
2.1361275378995176e7
2.1362998254290853e7
2.1364594270385016e7
2.13660615085458e7
2.1367061710505974e7
2.1367990113987267e7
2.136887859765613e7
2.1369705076402724e7
2.137031154965325e7
2.1370867704577502e7
2.1371293655680146e7
2.137163711725903e7
2.1371953202704243e7
2.1372209146092985e7
2.137244501015732e7
2.1372661495200135e7
2.137284020807739e7
2.1373004632837877e7
2.1373155552790023e7
2.1373293832513735e7
2.137340210227969e7
2.1373491028722372e7
2.1373574277284052e7
2.1373652277317278e7
2.1373725455863893e7
2.1373794231201816e7
2.137385900686952e7
2.1373920166548386e7
2.1373978070028566e7
2.1374026378718793e7
2.1374072651143115e7
2.137411263489783e7
2.1374151254517063e7
2.137418862528134e7
2.1374224852443613e7
2.137426003180654e7
2.1374294250342038e7
2.1374327586858217e7
2.1374360112675935e7
2.137439189228427e7
2.1374422983965665e7
2.137445344040815e7
2.1374483309253193e7
2.1374512633598723e7
2.1374541452478375e7
2.1374569801281802e7
2.137459771213321e7
2.1374625214238357e7
2.1374652334187612e7
2.1374679096227296e7
2.1374705522512916e7
2.137473163331533e7
2.13747574472231e7
2.1374782981300514e7
2.137480825125215e7
2.1374833271549262e7
2.1374858061598003e7
2.137488262761345e7
2.1374906981057864e7
2.137493141366299e7
2.137495575406188e7
2.137498004440974e7
2.1375004633729707e7
2.1375029120505236e7
2.13750539000135e7
2.1375078508798823e7
2.1375103631132018e7
2.1375128589427743e7
2.1375153880422927e7
2.1375179052700847e7
2.137520456739528e7
2.1375230050605267e7
2.137525583014017e7
2.137528163861851e7
2.137530731047426e7
2.1375333908881836e7
2.1375360371786185e7
2.137538746448321e7
2.1375414435033336e7
2.137544128010778e7
2.137546906058729e7
2.1375496717035554e7
2.137552425485957e7
2.137555241591385e7
2.137558046249386e7
2.13756096548377e7
2.1375638732922528e7
2.137566851478829e7
2.137569818641828e7
2.13757277527358e7
2.1375757218402587e7
2.1375787730559066e7
2.1375818394494765e7
2.137584896219444e7
2.137588058299498e7
2.1375912109465327e7
2.1375943545980133e7
2.1375975165959682e7
2.137600670272007e7
2.137604035600438e7
2.137607392294681e7
2.137610740782196e7
2.1376142119529758e7
2.137617675135509e7
2.1376211307429686e7
2.137624623386573e7
2.137628196663818e7
2.1376317630065635e7
2.1376353227953885e7
2.137638905497745e7
2.1376425470625114e7
2.1376461923184883e7
2.1376498320900198e7
2.1376534667056106e7
2.1376572362709906e7
2.137661000950094e7
2.137664761064512e7
2.13766866116149e7
2.1376725569967825e7
2.137676448885478e7
2.1376807546107862e7
2.137685056256082e7
2.1376894060549233e7
2.1376937938267317e7
2.1376981784667604e7
2.1377027340345506e7
2.1377072869624723e7
2.1377118376040615e7
2.137716564592799e7
2.1377212898412086e7
2.1377260136959955e7
2.1377307369618736e7
2.137735459481594e7
2.1377405354806438e7
2.1377456113275465e7
2.1377506873658583e7
2.1377557639241055e7
2.137761216201732e7
2.137766669812845e7
2.1377721251116443e7
2.137777582437129e7
2.137783264747863e7
2.1377889499524698e7
2.1377946383852195e7
2.1378003303627882e7
2.1378060261905394e7
2.1378119393789183e7
2.1378178573348414e7
2.13782378035591e7
2.137829716568329e7
2.1378356584185995e7
2.137841907768965e7
2.137848163924206e7
2.137854427162865e7
2.1378606977514684e7
2.1378670594234806e7
2.1378734291600127e7
2.137879807204239e7
2.1378861937914528e7
2.1378925891459912e7
2.1378994999475136e7
2.1379067121022798e7
2.137913936175298e7
2.1379211724335562e7
2.137928583778131e7
2.1379360083936766e7
2.1379434465317246e7
2.137951518631026e7
2.1379596071697965e7
2.137967712428122e7
2.1379758346735626e7
2.1379840190510057e7
2.1379903784930464e7
2.137996978923476e7
2.1380045464839008e7
2.1380107702059418e7
2.1380170044206996e7
2.1380241928715605e7
2.1380313954714645e7
2.1380386123458628e7
2.1380458436167363e7
2.1380530894013047e7
2.1380603498130456e7
2.1380676249606054e7
2.13807544913753e7
2.1380832905343696e7
2.1380916470075842e7
2.1380983706490334e7
2.138105727085904e7
2.1381130988681857e7
2.1381207984258857e7
2.1381271973344848e7
2.138134808228313e7
2.138142435615755e7
2.1381500795763664e7
2.138158260904381e7
2.1381664613121025e7
2.1381761063403882e7
2.1381835685600553e7
2.1381910466368593e7
2.1381996984486282e7
2.1382083715535033e7
2.138217066035153e7
2.138226091939747e7
2.1382357404537223e7
2.13824541532163e7
2.138255116639423e7
2.138265783240477e7
2.1382764818635695e7
2.1382872126205534e7
2.138297987576455e7
2.1383087949485376e7
2.1383196348363746e7
2.1383305325449307e7
2.13834146310622e7
2.1383524266076956e7
2.138363423133926e7
2.138374452764446e7
2.138385515575467e7
2.1383981509442855e7
2.138408091280795e7
2.1384202396715153e7
2.1384324276800774e7
2.1384451428637918e7
2.1384579010514934e7
2.1384707023240037e7
2.138483546758756e7
2.138496434427962e7
2.138509365401937e7
2.138524335688195e7
2.138539363781492e7
2.1385545245839193e7
2.138569743946001e7
2.1385850219485775e7
2.138600358669786e7
2.1386157541820105e7
2.138631993282929e7
2.1386482974309552e7
2.138664666696716e7
2.138681101144724e7
2.1386976008350402e7
2.1387141658233866e7
2.1387311380089287e7
2.1387481783034842e7
2.138765286755678e7
2.1387855816064727e7
2.138805971664098e7
2.1388212424106784e7
2.138836566180787e7
2.1388520778462093e7
2.1388676435068958e7
2.138883263180047e7
2.1389004961289704e7
2.1389177943871077e7
2.138935157969912e7
2.1389525868924968e7
2.138970826792549e7
2.1389891377334442e7
2.139009524496497e7
2.1390259594090432e7
2.139046791540634e7
2.1390637915719368e7
2.1390811605816443e7
2.1390985911199693e7
2.139116083185941e7
2.1391336367759563e7
2.1391529806726538e7
2.1391723987243634e7
2.1391918909218777e7
2.139215099145161e7
2.1392334715004303e7
2.13925292491543e7
2.1392724504127517e7
2.139292047977941e7
2.1393117175928205e7
2.139331555967278e7
2.139351467062393e7
2.1393733198638394e7
2.13939525954203e7
2.1394172860690936e7
2.1394393994132463e7
2.1394615995424926e7
2.139483886424116e7
2.1395078417431757e7
2.1395318964042332e7
2.1395560503642973e7
2.1395803035741348e7
2.1396065917105112e7
2.139632995351121e7
2.1396595144314703e7
2.1396861488864936e7
2.139712898650657e7
2.1397397636570893e7
2.1397674213248592e7
2.139795199934973e7
2.1398242035018258e7
2.139853337578009e7
2.1398862561010554e7
2.139912463618281e7
2.1399392939777233e7
2.1399683037900783e7
2.1399974381570254e7
2.140026696990018e7
2.1400566154751524e7
2.1400866628017593e7
2.140116838872043e7
2.1401471435879212e7
2.140177576849999e7
2.1402096550506223e7
2.1402363971508533e7
2.1402655180665843e7
2.1402947535088688e7
2.14032410339187e7
2.1403535676267873e7
2.1403831461262442e7
2.1404132466388907e7
2.1404434643851064e7
2.1404737992715612e7
2.1405043343073964e7
2.1405349869315173e7
2.1405657570489317e7
2.1405966445633087e7
2.140628380668411e7
2.1406602395564713e7
2.140694326889156e7
2.1407247765634216e7
2.1407553363725517e7
2.1407884517784767e7
2.140821695327396e7
2.1408552685928583e7
2.1408869689906668e7
2.1409126595549364e7
2.1409408436891362e7
2.1409691170390617e7
2.1410009617176812e7
2.1410329186398856e7
2.141064987708612e7
2.1410971688260093e7
2.1411312419225015e7
2.1411671690641005e7
2.1412032334535364e7
2.141239641908805e7
2.1412761889130834e7
2.141316382449077e7
2.141347333702825e7
2.1413868081544306e7
2.1414173540945143e7
2.141449633910354e7
2.141485249256547e7
2.1415209898848407e7
2.141557113147079e7
2.1415933632476967e7
2.1416297400629845e7
2.1416662434691187e7
2.1417045073796645e7
2.1417429091303892e7
2.141783527913799e7
2.141824299459241e7
2.1418652236022793e7
2.1419017832832962e7
2.1419384636468604e7
2.1419819637052e7
2.142025631921443e7
2.1420694681011982e7
2.142119059196682e7
2.142156788188877e7
2.14219617608231e7
2.142235695999681e7
2.142275357527501e7
2.142315150867289e7
2.142355075882002e7
2.1423951324312214e7
2.1424389469885767e7
2.142482917503629e7
2.1425288509802546e7
2.142574953025994e7
2.1426238700825416e7
2.142672975035621e7
2.142722267645061e7
2.1427717476674885e7
2.142823368091437e7
2.1428751903969623e7
2.1429272143097095e7
2.1429794395605277e7
2.1430318658733446e7
2.143084492975933e7
2.143141282316012e7
2.14318864413834e7
2.143238791051584e7
2.1432891153113782e7
2.1433396166875076e7
2.1433920016707033e7
2.1434445753772527e7
2.1435001578305416e7
2.143555949102823e7
2.1436119488937497e7
2.1436687592330694e7
2.1437257819599148e7
2.1437872885642383e7
2.1438490396319564e7
2.1439110347804237e7
2.143973273622124e7
2.1440357557699524e7
2.1440984808391422e7
2.1441651444302004e7
2.1442320793401275e7
2.1442992851089682e7
2.1443721513192836e7
2.1444453321712103e7
2.144518827081934e7
2.1445926354713023e7
2.1446667567545824e7
2.1447411903476804e7
2.1448159356660374e7
2.1448909921250295e7
2.144966359138563e7
2.1450323610843312e7
2.1450985985397074e7
2.145168324440904e7
2.1452383085436862e7
2.1453085503972113e7
2.1453790495481845e7
2.1454498055442397e7
2.1455225953883078e7
2.1455956541082297e7
2.1456689812153887e7
2.1457425762206323e7
2.1458164386335474e7
2.145890567963739e7
2.1459649637230318e7
2.1460453351108138e7
2.146126013966715e7
2.1462069996777322e7
2.1462882916301847e7
2.1463698892100103e7
2.14645179180016e7
2.1465425965225954e7
2.1466337716664635e7
2.1467253164013457e7
2.146817229892725e7
2.146910833928708e7
2.1470048156204026e7
2.1470991740960535e7
2.1471940785531845e7
2.147289359395115e7
2.1473850157394227e7
2.1474810467079688e7
2.1475774514224328e7
2.1476742290000994e7
2.147771378560804e7
2.1478688992231056e7
2.1479667901036453e7
2.1480650503185626e7
2.148163678984267e7
2.1482626752162132e7
2.1483620381277174e7
2.1484617668345716e7
2.1485628171261158e7
2.148664238406574e7
2.1487660297644805e7
2.148871303050551e7
2.1489769672939684e7
2.1490830214939743e7
2.1491894646484718e7
2.14930025328712e7
2.1494114579793934e7
2.149523077608542e7
2.1496351110522673e7
2.1497532713854942e7
2.149850851087186e7
2.149958547570445e7
2.150066614533944e7
2.15017505101227e7
2.1502838560397543e7
2.1503815685602095e7
2.15046251847852e7
2.1505506471080083e7
2.1506424042222444e7
2.1507344147471737e7
2.1508266781206354e7
2.150919193783183e7
2.1510119611743785e7
2.151109684538618e7
2.151207684431239e7
2.1513059602020748e7
2.1514045111980665e7
2.1515033367717255e7
2.151602436270667e7
2.1517018090425577e7
2.151801743876614e7
2.1519019522614054e7
2.152002433539961e7
2.152103187054491e7
2.15220795276576e7
2.1523130097788863e7
2.1524183573632415e7
2.1525239947860807e7
2.1526397390289303e7
2.152735825425582e7
2.1528368736300174e7
2.152938180185145e7
2.1530401288392987e7
2.1531423365396194e7
2.1532448026545126e7
2.153347526553055e7
2.153453021240035e7
2.153558785090449e7
2.1536648174255393e7
2.1537711175661206e7
2.1538776848345365e7
2.153992992336038e7
2.1541086093181584e7
2.1542245349305343e7
2.1543407683200512e7
2.1544657392343044e7
2.1545922080700498e7
2.1546967077147588e7
2.154810600485581e7
2.154924778588385e7
2.155039241250819e7
2.1551657289217316e7
2.155292560303181e7
2.155419734362064e7
2.1555472500632446e7
2.15567510637571e7
2.1558033022646192e7
2.1559318366999153e7
2.1560607086504184e7
2.156189917086704e7
2.1563194609781284e7
2.156451246380926e7
2.1565833750181835e7
2.1567158458183844e7
2.1568486577079106e7
2.156981809617446e7
2.1571153004773345e7
2.15725345144645e7
2.1573919612681314e7
2.1575164326157685e7
2.157641190560404e7
2.1577693192775756e7
2.1578977470980417e7
2.158030904067333e7
2.1581643790908802e7
2.1582981711680144e7
2.158432279299118e7
2.1585667024858736e7
2.158704389425383e7
2.158842403247523e7
2.1589807428898003e7
2.1591194072909202e7
2.1592583953950427e7
2.1594033486762837e7
2.159548650045496e7
2.1596942983152486e7
2.1598402923006617e7
2.1600018070170835e7
2.160163739736744e7
2.1603260888717897e7
2.160489596718589e7
2.160636336110835e7
2.1607834086113315e7
2.1609363337066248e7
2.1610896147849377e7
2.1612432505690474e7
2.161405238489901e7
2.1615676159855284e7
2.1617353890792433e7
2.1619035728708483e7
2.1620721657493517e7
2.162241166105175e7
2.1623919894146234e7
2.1625431333861798e7
2.1627016013247702e7
2.1628604177091807e7
2.1630195812496793e7
2.1631790906591795e7
2.1633389446535993e7
2.163503885704003e7
2.163669189270478e7
2.1638358933547817e7
2.1640029616884e7
2.164162361632347e7
2.1642935046742793e7
2.1644456794304546e7
2.164598148697085e7
2.164750911430647e7
2.1649039665939342e7
2.1650615542017628e7
2.1652194484039262e7
2.1653785160628207e7
2.165537891417413e7
2.1656975733305816e7
2.1658791418473165e7
2.166022526073232e7
2.1661715234447993e7
2.166320780863828e7
2.166470297432857e7
2.16662373377996e7
2.1667774401959788e7
2.1669314157227226e7
2.1670856594055496e7
2.16724910092556e7
2.1674128402740255e7
2.1675768763291057e7
2.167741207973735e7
2.1679153821589895e7
2.168089884611642e7
2.168264714016108e7
2.1684433047603298e7
2.1686283060335822e7
2.1688136661733184e7
2.168999383653595e7
2.1691854569569107e7
2.1693718845681004e7
2.1695586649752483e7
2.169748710503102e7
2.1699391167629413e7
2.1701298821852323e7
2.170323165340195e7
2.1705168126027945e7
2.1706661310699444e7
2.1708156636273753e7
2.17099023407106e7
2.171165093262029e7
2.1713179173102036e7
2.1714444718076568e7
2.17158697462511e7
2.1717311921054307e7
2.1718756006341483e7
2.172020199588002e7
2.1721724673216682e7
2.1723249442291215e7
2.1724943990192752e7
2.1726641095386617e7
2.1728340748047855e7
2.1730093523076814e7
2.1731870093552515e7
2.1733345173371278e7
2.1734993072670087e7
2.1736643294731393e7
2.1738398784691013e7
2.174015687553241e7
2.1741917556939196e7
2.1743680818617478e7
2.1745446650387675e7
2.1747428040240303e7
2.1749412628890764e7
2.175140040208903e7
2.1753391345628195e7
2.175538544537531e7
2.175738268721362e7
2.1759383057111174e7
2.1761386541073617e7
2.176339312516593e7
2.1765434510151923e7
2.1767479064978942e7
2.1769526775172956e7
2.177157762636416e7
2.177374894201615e7
2.1775923734580368e7
2.1778101987248033e7
2.1780283683274157e7
2.1782509788734015e7
2.178473943299819e7
2.1786972598589163e7
2.17892092681106e7
2.1791449424244188e7
2.1793693049745545e7
2.179594012745596e7
2.1797907513754312e7
2.1799542111745857e7
2.1801347652404692e7
2.1803155367934212e7
2.180501409376821e7
2.1806875094935633e7
2.180873836216575e7
2.1810603886173196e7
2.1812618286619157e7
2.181463528958709e7
2.181665488360865e7
2.1818837814682335e7
2.1820631868655305e7
2.1822607999956116e7
2.182458655091712e7
2.1826567511074554e7
2.182867806602972e7
2.1830791324710436e7
2.183290727470135e7
2.1835025903635792e7
2.1837147199246142e7
2.183926002990191e7
2.1840962585706376e7
2.1842875704271905e7
2.1844468835437033e7
2.1846158319790833e7
2.1847849437725496e7
2.1849542183275428e7
2.1851247268448986e7
2.1852990261875033e7
2.1854734955404367e7
2.1856484451635458e7
2.1858235641245913e7
2.1860058899895508e7
2.186193534329931e7
2.186381370074879e7
2.18653446511909e7
2.1867106806098197e7
2.1868559753947314e7
2.1870013824918654e7
2.187146901549982e7
2.187302698157134e7
2.1874586220782015e7
2.187614672888394e7
2.1877908401043583e7
2.1879671676184334e7
2.1881436548324663e7
2.1883203011478774e7
2.188497105971025e7
2.188674068708173e7
2.1888511887681838e7
2.189039389742145e7
2.189227766652112e7
2.1894163188012548e7
2.1896068667502325e7
2.1897975919156823e7
2.1899884935845792e7
2.190179571052062e7
2.190371378211042e7
2.190563360772892e7
2.190755518034283e7
2.190947849293469e7
2.1911403538521223e7
2.1913330310143225e7
2.1915258800878875e7
2.191718900382463e7
2.191912091212463e7
2.1921247770262808e7
2.1923376674164224e7
2.1925507614794243e7
2.1927640583183903e7
2.1929952851834998e7
2.193226747703336e7
2.1934584447564088e7
2.1936903752233353e7
2.1939225379923046e7
2.19415493195882e7
2.194389184360328e7
2.1945801604880214e7
2.194785480238077e7
2.1949909763270926e7
2.1951966480171558e7
2.1954024945716463e7
2.1956168434015207e7
2.1958313799006548e7
2.1960461032512546e7
2.1962610126436524e7
2.196484856542232e7
2.196708900135151e7
2.196894086394702e7
2.19710738506427e7
2.197320861904358e7
2.197534516151619e7
2.1977487619436067e7
2.1979644509243026e7
2.19818031779578e7
2.1983963617943965e7
2.198589151945308e7
2.1987820817805763e7
2.1989751507644054e7
2.1991909998086844e7
2.19936988406863e7
2.199575840437816e7
2.1997819519913945e7
2.199988218098046e7
2.2002047934141397e7
2.2004215374424085e7
2.2006384494655326e7
2.2008806909661986e7
2.2011231397627145e7
2.201365794869913e7
2.2016222814018436e7
2.201878995799417e7
2.202135936922599e7
2.2023931036421034e7
2.202650494831508e7
2.2029123005682983e7
2.2031743358120877e7
2.203436599405056e7
2.203699090193189e7
2.203961807033176e7
2.204224748782435e7
2.204487914311136e7
2.2047513024952278e7
2.205014912214595e7
2.2052787423616014e7
2.205549772090895e7
2.205768853698155e7
2.2059880846554533e7
2.2062078379740994e7
2.206427739915542e7
2.206647789864284e7
2.2068679872067414e7
2.2070883313357297e7
2.207308821643475e7
2.207529457530235e7
2.2077269906215493e7
2.2079246393478174e7
2.208139211938074e7
2.2083539196067814e7
2.208568761817373e7
2.2087837380360126e7
2.209000234173339e7
2.209216864971509e7
2.2094387766371872e7
2.2096608282954924e7
2.2098830193782285e7
2.2101053493200928e7
2.210351017304464e7
2.2105968531638004e7
2.210842856147631e7
2.211089025510073e7
2.2113353605090592e7
2.211556084303158e7
2.2117769397963136e7
2.2119979264631487e7
2.2122190437856723e7
2.2124402912430126e7
2.2126616683210697e7
2.2128892736492027e7
2.213117014737233e7
2.2133448910371676e7
2.2135744252909657e7
2.2138063848512888e7
2.2140384824770264e7
2.214270717605048e7
2.2145096063576926e7
2.214748639230256e7
2.2149878156169817e7
2.2152271349173136e7
2.2154698829580065e7
2.21571590034594e7
2.2159620664957065e7
2.2162110647676807e7
2.2164602137599263e7
2.2167133725160543e7
2.2169666853526384e7
2.2172201515977066e7
2.217473770590244e7
2.2177275416639753e7
2.2179814641637735e7
2.2182355374373168e7
2.218494936194489e7
2.2187544905645087e7
2.219014518770803e7
2.2192747016078e7
2.219535038401689e7
2.219795528478706e7
2.2200561711754117e7
2.2203169658314407e7
2.2205779117856197e7
2.2208390083863806e7
2.2211002549837302e7
2.221361650933847e7
2.2216282945437364e7
2.2218950920432664e7
2.2221620427635293e7
2.2224291460363403e7
2.222698801245225e7
2.222968610413306e7
2.2232385728698827e7
2.223508687948824e7
2.2237789549890332e7
2.2240493733325616e7
2.2243199423267607e7
2.2245994296799928e7
2.224879076199188e7
2.225158881183387e7
2.2253612355443686e7
2.2255636720764033e7
2.2257954719978437e7
2.2260273788321923e7
2.226259392196194e7
2.226502218398363e7
2.2267451603219338e7
2.2269882175337717e7
2.227242618330709e7
2.2274971443388723e7
2.227751795072937e7
2.2280065700457674e7
2.228261468775271e7
2.228516490782912e7
2.2287716355918527e7
2.2290269027304687e7
2.2292559419460546e7
2.2294850788415037e7
2.229724752030925e7
2.2299645312481523e7
2.2302056215383057e7
2.230446818162878e7
2.2306881207399867e7
2.2309415850115456e7
2.2311951652326934e7
2.2314536901277535e7
2.2317123345273342e7
2.2319851779512722e7
2.2322581532106467e7
2.2325312597861785e7
2.232804497164006e7
2.233077864827694e7
2.2333617631495763e7
2.2336458007402647e7
2.2339299770402577e7
2.2342142914904628e7
2.2344987435385387e7
2.234799575697317e7
2.23510056034858e7
2.2354016968503714e7
2.2357029845720407e7
2.235925127777016e7
2.2361473525268193e7
2.236369658571077e7
2.2366054747030433e7
2.236841381673145e7
2.2370821249783065e7
2.237325622100274e7
2.237569214909178e7
2.2378129030920908e7
2.2380566863367602e7
2.2383126327216744e7
2.238568683111184e7
2.2388248371516783e7
2.2390810944939632e7
2.23933745478935e7
2.2396025543123346e7
2.23986776308906e7
2.240144392402112e7
2.240421139646978e7
2.2406980044028927e7
2.2409122679705113e7
2.2411266014196128e7
2.241355003523688e7
2.2415834844868857e7
2.24181370992417e7
2.2420440149097703e7
2.24228382285336e7
2.2425237164764494e7
2.2427636955208674e7
2.2430037597353376e7
2.2432439088636857e7
2.243498545934472e7
2.2437532778233755e7
2.2440081042332403e7
2.244271860076595e7
2.2445357164675172e7
2.24479967308669e7
2.24506372961303e7
2.2453278857300926e7
2.2455921411242966e7
2.245856495484416e7
2.24612788163068e7
2.2463993713415626e7
2.2466709642793123e7
2.2469426601205934e7
2.2472144585420873e7
2.247486359219127e7
2.247730625281125e7
2.2479749733198747e7
2.2482194031072553e7
2.248463914416742e7
2.248733580962161e7
2.24900334601955e7
2.2492732092908997e7
2.249544791206796e7
2.2498164719184067e7
2.2500934651650354e7
2.250373915028803e7
2.250654469058571e7
2.2509351269347295e7
2.2512158883401215e7
2.251496752959815e7
2.2517777204804387e7
2.2520587905953422e7
2.2523399629955605e7
2.2525567532629088e7
2.252773603978782e7
2.2530184231359817e7
2.2532633189217713e7
2.2535096142422054e7
2.253755986625606e7
2.2540083181237448e7
2.254269315321347e7
2.254530398220491e7
2.254795858793568e7
2.2550614074364647e7
2.255327043911726e7
2.2555927679855764e7
2.255858579428149e7
2.2561506199550997e7
2.2563929008655027e7
2.25663525369018e7
2.2568556216709163e7
2.2570375287709836e7
2.2572228563204676e7
2.257425712096301e7
2.2576286176562887e7
2.257832410883266e7
2.258036254112344e7
2.258258363681885e7
2.2584805323466334e7
2.2587027599830665e7
2.258925046465603e7
2.2591535362429626e7
2.2593820879057456e7
2.2596107013212305e7
2.259871300700437e7
2.2600782783068772e7
2.2603112151365574e7
2.260544215431882e7
2.2608103751028072e7
2.2610176493085857e7
2.2612352961915493e7
2.2614529979040045e7
2.2616707543406215e7
2.2619082676330186e7
2.2621458457362648e7
2.262383488516292e7
2.2626343175916046e7
2.262885218375485e7
2.263136190711155e7
2.2633872344474163e7
2.2636422268564794e7
2.263897292573678e7
2.2641524314390715e7
2.264407643297852e7
2.2646629279944107e7
2.2649182853769388e7
2.2651737152919486e7
2.2654292175877985e7
2.2656858780460678e7
2.265942611199807e7
2.2661994168984987e7
2.266456294994154e7
2.2667132453398068e7
2.2669702677862618e7
2.267227362191251e7
2.2675013717505444e7
2.2677754626639884e7
2.2680496347570147e7
2.2683238878615644e7
2.2685982218094587e7
2.2688726364323482e7
2.269147131565437e7
2.2694217070433367e7
2.269696362702147e7
2.2699555559254054e7
2.2701699396762654e7
2.2703920747928992e7
2.2706142619081166e7
2.2708461480736952e7
2.271078090664761e7
2.2713122329134025e7
2.2715038337467704e7
2.271695472870702e7
2.2718871502334792e7
2.272107069517464e7
2.2723270389724325e7
2.272556521064538e7
2.2727860575679846e7
2.2730223438673873e7
2.2732586876146473e7
2.2735022561232924e7
2.2737458854204074e7
2.273989575407551e7
2.2742333259868167e7
2.2744863968150582e7
2.2747395327131957e7
2.274992733574781e7
2.2752475632543504e7
2.2755024584878955e7
2.2757574191693876e7
2.2760130657772884e7
2.276268777942775e7
2.2764985614573114e7
2.2767283977219664e7
2.276958286664443e7
2.2771882282080926e7
2.2774320107975e7
2.2776758523163006e7
2.277919752677794e7
2.2781645154480625e7
2.2784093372791417e7
2.2786542180839494e7
2.27889915777959e7
2.2791456927402817e7
2.2793922871630784e7
2.279638940966116e7
2.2798856540646385e7
2.280132426377192e7
2.280379257821898e7
2.2806261483170476e7
2.2808730977838702e7
2.2811201061424598e7
2.281367173313691e7
2.2816142992190257e7
2.281861483780305e7
2.2821087269214183e7
2.282371288285873e7
2.282633915504383e7
2.2828984199505333e7
2.283162990980704e7
2.2834276285044134e7
2.2836923324316673e7
2.2839740262962e7
2.2842557951177154e7
2.2845093274011087e7
2.284762920181412e7
2.2850485082963426e7
2.285334172896823e7
2.285619913880076e7
2.285905731143918e7
2.2861927897972018e7
2.286479925148521e7
2.2867706392487563e7
2.2870279353463534e7
2.287285292728238e7
2.2875472247136578e7
2.2878094434202254e7
2.288071725466542e7
2.288339843121874e7
2.2886080267853696e7
2.2888762763766937e7
2.2891583839364428e7
2.2894405642084926e7
2.28972281710601e7
2.29000514254366e7
2.2903076977697253e7
2.2906103360617723e7
2.2909130573175374e7
2.2912158614395276e7
2.2915187483297117e7
2.291821717889075e7
2.2921247700211015e7
2.2924279046314538e7
2.2926964310740806e7
2.2929332109956566e7
2.2931700410377014e7
2.2934165964458454e7
2.293663206058652e7
2.293909869827036e7
2.2941578616120644e7
2.294405908017793e7
2.2946540089980315e7
2.2949046935547136e7
2.2951554337062035e7
2.2954201487527203e7
2.2956849256280437e7
2.295949764277544e7
2.296214664652031e7
2.296432934330849e7
2.2966880596020184e7
2.2969432419402897e7
2.297198481297422e7
2.297453777630303e7
2.2977091308915388e7
2.2979645410383917e7
2.298220008027723e7
2.2984804242110305e7
2.298740899342385e7
2.2990014333754133e7
2.2992850638533905e7
2.2995174614476077e7
2.2997499057607505e7
2.299982396763645e7
2.3002293322631095e7
2.3004763203408852e7
2.300725736528915e7
2.3009752062384166e7
2.3012247294345345e7
2.301487813389618e7
2.3017509566975646e7
2.302014159317114e7
2.3022774212081615e7
2.3025407423332702e7
2.302804122652126e7
2.303067562126392e7
2.303331060718185e7
2.3036090801796515e7
2.3038871653393436e7
2.3041653161539823e7
2.3044435325836744e7
2.304721814584857e7
2.3050001621171717e7
2.3052785751388077e7
2.305557053611996e7
2.3058355974975694e7
2.3060809521922886e7
2.306326357561294e7
2.306586529328832e7
2.3068467579680596e7
2.307107043451054e7
2.3073673857468836e7
2.3076277848266996e7
2.3079004593839988e7
2.308173196115349e7
2.3084459949892923e7
2.3087188559726637e7
2.3089917790370822e7
2.3092663898156784e7
2.309554707554203e7
2.309843094409697e7
2.3101315503442857e7
2.3104260241856046e7
2.3107205699159265e7
2.311015187502537e7
2.3113098769115824e7
2.3115657470397253e7
2.311821671242397e7
2.3120776494991846e7
2.312340626680475e7
2.3126040014333088e7
2.3128674332961295e7
2.3131309222475145e7
2.3133959149312273e7
2.313660965289934e7
2.3139260733046718e7
2.3141649001029164e7
2.3143637908463143e7
2.3145908114393003e7
2.3148178742137168e7
2.3150534382764608e7
2.315301003825826e7
2.3155486194356833e7
2.3157962850937236e7
2.316044000783396e7
2.316300999119992e7
2.3165580512563128e7
2.316824456978175e7
2.3170909204306304e7
2.3173574415979303e7
2.3176240204650555e7
2.3178906570185278e7
2.3181712139397297e7
2.318402811175829e7
2.318647273410021e7
2.318891784027942e7
2.3191363430179156e7
2.3194091870906264e7
2.3196327531048965e7
2.3198728562892683e7
2.3201130060068686e7
2.3203844106095757e7
2.320655874599237e7
2.3209275591382377e7
2.321199303112553e7
2.3214711065094326e7
2.3217429693185195e7
2.3220173343775094e7
2.322295302962032e7
2.3225880830055162e7
2.3228242400035784e7
2.323060441717658e7
2.323310993502157e7
2.3235615955687534e7
2.3238122479107372e7
2.324062950521671e7
2.324313703396523e7
2.3245691264335275e7
2.3248246015914544e7
2.3250801288638454e7
2.3253357082479276e7
2.3256097124046493e7
2.32588377642033e7
2.3261158598930545e7
