0.0
422.43689356661577
608.6024168232985
901.482919042022
1215.323825972212
1615.0378054879875
2052.443649300034
2576.718679101953
3188.7544661449356
3901.6907988629464
4739.021779843662
5765.10654633725
6920.015833316988
8320.877367266563
9976.66618013272
11916.947442951883
14176.78530976315
16901.609744438785
20088.60970761353
23788.33522998779
28190.21118744464
33291.685025037375
39179.15050570822
46272.81092537917
54473.079861970255
63885.189295606026
75562.03175914823
88945.83047848259
104701.64113847262
122861.89282808156
143669.7434727373
167487.56691971738
196136.84112704074
228165.23583923603
265682.8973281401
306529.39781692676
353123.54024875193
404411.0377314793
466804.37488445005
538419.2995385621
618552.5438401684
711072.2135510285
819012.9061770223
938348.6886954682
1.0784262713197875e6
1.2284880976990296e6
1.3898133646493359e6
1.5712959893168805e6
1.7873240303949178e6
2.0085998735012277e6
2.2741174876219863e6
2.540522142058056e6
2.8372069937044005e6
3.143932410832034e6
3.540652881309409e6
3.937367797414502e6
4.375445353616602e6
4.868985232401714e6
5.434094176458887e6
5.999191839132786e6
6.579906085719412e6
7.307803843493424e6
8.03568286592968e6
8.822628119112516e6
9.761210408448152e6
1.0699761508048682e7
1.1754913413277794e7
1.2847726195170505e7
1.4022796987420842e7
1.5349237591759685e7
1.6675615725314314e7
1.8027979898425322e7
1.9387738528737903e7
2.0867441707609184e7
2.2409342407544542e7
2.3951158397111945e7
2.584131917638295e7
2.773211757403077e7
2.962278825958198e7
3.1590997731674984e7
3.3559068565937854e7
3.558749196420083e7
3.7691912974931516e7
3.979617504265457e7
4.211379449627776e7
4.443122078162276e7
4.6748453728888415e7
4.90654931699871e7
5.149145761141524e7
5.421289326078165e7
5.6934061138618335e7
5.98345214886502e7
6.273467695194751e7
6.563452722291136e7
6.90363187313006e7
7.243768926105233e7
7.583863834163806e7
7.927102790385154e7
8.319140639125565e7
8.711122266829033e7
9.119889175594334e7
9.528594780882841e7
9.984787583039276e7
1.0440903796334119e8
1.0926578500536717e8
1.1412166117604524e8
1.1962954028038836e8
1.2513629559475107e8
1.306419256453461e8
1.363627572008922e8
1.4244092834966388e8
1.4855799608993235e8
1.5467366594231144e8
1.6078793628390786e8
1.6703270266034237e8
1.7327600531238517e8
1.7951784277637294e8
1.866685039703515e8
1.9249117218534166e8
1.9930874034172463e8
2.0612455182613364e8
2.1307291244974175e8
2.2001944383628052e8
2.2696414485847962e8
2.3468831105379432e8
2.424102092789198e8
2.504638641471209e8
2.5951662638298804e8
2.6856626423821247e8
2.776127771730814e8
2.866561650130904e8
2.9569642794585866e8
3.0473356651785713e8
3.137675816315094e8
3.232479311518802e8
3.3272484176965797e8
3.4276814745737034e8
3.528075938265313e8
3.628431846349133e8
3.728749241561783e8
3.8290281717452556e8
3.929268689796603e8
4.0500370477240694e8
4.170749798336075e8
4.304246750825243e8
4.4106813185706353e8
4.517072879940704e8
4.648655225020249e8
4.751040416521704e8
4.855185920386262e8
4.9592905623966825e8
5.066405661584061e8
5.1734777320370334e8
5.280606135791759e8
5.387691723427207e8
5.494734649792833e8
5.609449533940324e8
5.727104798611435e8
5.844709076086596e8
5.971105331416954e8
6.097443217299929e8
6.197843442142761e8
6.303458892326962e8
6.411953702600408e8
6.5220749599144e8
6.632152835194763e8
6.750354832860559e8
6.868507344464601e8
6.987065586597522e8
7.105574592068644e8
7.224034687912855e8
7.351122343713464e8
7.486936292461209e8
7.622687288203418e8
7.745287127888447e8
7.84560595286864e8
7.949608556078614e8
8.056543455750339e8
8.163440628291947e8
8.272858085882435e8
8.384552325641184e8
8.496206293403906e8
8.607820331056848e8
8.723796825275619e8
8.849457854266723e8
8.951969810555842e8
9.058205341670283e8
9.176642019273609e8
9.295036045198506e8
9.413387868127078e8
9.538277065500225e8
9.667963016751564e8
9.797599961692579e8
9.927188520357251e8
1.0059325716439662e9
1.0191413892243941e9
1.0344255228301686e9
1.0467274323500006e9
1.0590252678568454e9
1.0714563104365691e9
1.0838833048424444e9
1.0975620400548391e9
1.111236020090758e9
1.1249053261129105e9
1.1385700399708068e9
1.1526801973391793e9
1.1667856346952515e9
1.181006303224851e9
1.1952223605489209e9
1.2097175513247778e9
1.2242081476707115e9
1.2386942529648302e9
1.2524448357316754e9
1.2635581380434036e9
1.2746689615894995e9
1.2862102342804883e9
1.2985194070990274e9
1.3108896305786238e9
1.323257031327117e9
1.3356216763654928e9
1.348589060327067e9
1.361553563859546e9
1.3745152650395823e9
1.3874742421443028e9
1.4004305736277213e9
1.4133843380963311e9
1.4263356142839944e9
1.4392844810259686e9
1.452571357427941e9
1.4658558644910035e9
1.4792115957331932e9
1.4931900519153388e9
1.5071661721169252e9
1.520898638321154e9
1.5314198274712975e9
1.5436132619420629e9
1.5558051893871212e9
1.5685219274848921e9
1.5812371711133652e9
1.5939509941613903e9
1.606954404169075e9
1.620060283340949e9
1.6316662343061557e9
1.643271242242053e9
1.6562163004277997e9
1.669160328639608e9
1.6821034017160912e9
1.6952972357041209e9
1.708490231861843e9
1.7216824670585837e9
1.735214400092348e9
1.7463604608417916e9
1.7578113911310222e9
1.769261957668113e9
1.7807122073549576e9
1.7921621863235388e9
1.8036119398870294e9
1.8150615124885998e9
1.8265109476477766e9
1.8379602879043071e9
1.849591600587031e9
1.8612229005024908e9
1.8728542287575417e9
1.8846395486958616e9
1.8943774372200797e9
1.905328182649453e9
1.9164731871263597e9
1.9276183791459668e9
1.9387637872598693e9
1.9500045478025184e9
1.9612455816924775e9
1.9724869132376826e9
1.983728564894991e9
1.9949705571701195e9
2.0062129085124452e9
2.0181067874032693e9
2.0300011028477676e9
2.0419240317075167e9
2.053847423067331e9
2.0657712838634834e9
2.0777221118374429e9
2.08967341420344e9
2.101625186421211e9
2.113577419658633e9
2.125824527685243e9
2.1380720860567193e9
2.1503200695649295e9
2.1625684470727444e9
2.1748171811636405e9
2.1870662277691145e9
2.199315535773081e9
2.2117180438350735e9
2.2241206907140613e9
2.236803720144671e9
2.249486719792694e9
2.26216958532796e9
2.274852200844145e9
2.287534438122528e9
2.3002161558445787e9
2.3100485660356283e9
2.3198804923667917e9
2.33038552887241e9
2.340889806747154e9
2.351393207778687e9
2.362039041271572e9
2.372683701970809e9
2.383327038253385e9
2.393968887845752e9
2.4046090772201447e9
2.415247420952372e9
2.426170152149003e9
2.4370904990175576e9
2.4480082168153214e9
2.4589230441647453e9
2.469834702041211e9
2.4807428926904893e9
2.4916472984704275e9
2.5025475806104507e9
2.5134433778823686e9
2.5243343051749725e9
2.5352199519643726e9
2.5460998806712627e9
2.556973624895477e9
2.565037232127735e9
2.573096947162406e9
2.5816481604390836e9
2.590194451328692e9
2.5987355225249567e9
2.607271061309618e9
2.61654576632077e9
2.625813094563802e9
2.635655847162787e9
2.6435656670162864e9
2.6514690329937987e9
2.659365599805569e9
2.667255005158294e9
2.675146697917095e9
2.6830304295700364e9
2.6909057794957876e9
2.698772305949649e9
2.7066295448863506e9
2.714477008705544e9
2.722991863609367e9
2.7314938802576084e9
2.7399823269526715e9
2.748516824058494e9
2.7570922440363417e9
2.7656511746136966e9
2.774192661304316e9
2.7829156197752113e9
2.7900658410960774e9
2.797565436084752e9
2.8050481981849537e9
2.8125132605020823e9
2.820106129924752e9
2.8276786217583823e9
2.8352296547482243e9
2.843134901225334e9
2.851013819463946e9
2.8591269039927754e9
2.8672085327702374e9
2.874251613747187e9
2.881267873770351e9
2.8884212030403028e9
2.896021867113586e9
2.903584970144039e9
2.9111604177384343e9
2.918693171749731e9
2.9261806823427997e9
2.933620223439544e9
2.9401877954788146e9
2.9467130139488993e9
2.954207587988272e9
2.9601308165059347e9
2.966037436217524e9
2.9718989894874787e9
2.977713102593367e9
2.9837214318818083e9
2.989798486678195e9
2.995812245320682e9
3.00175899288523e9
3.007634747840721e9
3.013518225977107e9
3.0193194615592227e9
3.025033294027238e9
3.03065415978404e9
3.036180486038075e9
3.0416011691697755e9
3.0469091606487794e9
3.05235896282864e9
3.057666121914349e9
3.0614950202375903e9
3.065235430704184e9
3.0689147310594263e9
3.0725547770902944e9
3.076084519954885e9
3.079497305130434e9
3.082785956556892e9
3.085942724335553e9
3.089138403416029e9
3.092165308999853e9
3.095011580183281e9
3.097664253742976e9
3.100109131901282e9
3.102330630325926e9
3.103913190679112e9
3.105098968059284e9
3.106263993164852e9
3.107286312603812e9
3.1081981286220727e9
3.1089326792480426e9
3.1095410352460318e9
3.1098341398844852e9
3.1099548518271337e9
3.1097726128619957e9
3.109337886110294e9
3.108627005020155e9
3.1076194191637454e9
3.106243405207516e9
3.104499168801066e9
3.1023559923925443e9
3.099779605349384e9
3.0965825532681837e9
3.0933554382470317e9
3.090329623472355e9
3.086583633060483e9
3.082387011789563e9
3.0777014777168393e9
3.072456971054431e9
3.0666265646425743e9
3.0601551272077622e9
3.0525512381338186e9
3.0440775754482546e9
3.0346370651899467e9
3.0241171573478866e9
3.012386532240128e9
2.9992909141998715e9
2.984647694243048e9
2.9700412981661167e9
2.953832772835832e9
2.9377428873502436e9
2.9199942538108664e9
2.902534793012862e9
2.8833771003034286e9
2.8645832570581527e9
2.8440519469901094e9
2.821556238530121e9
2.7996936336306453e9
2.7758425671814346e9
2.752531167141279e9
2.7271809960992055e9
2.69952719809382e9
2.672758781995762e9
2.6436636193133802e9
2.6119366804905243e9
2.58099970894901e9
2.5473596971875186e9
2.5106593579378786e9
2.4704778645699444e9
2.4263176670807724e9
2.3775887953147907e9
2.3235907139669676e9
2.2760283404719048e9
2.23235729593868e9
2.191076916371679e9
2.1468486661985533e9
2.1064759459187284e9
2.063567308705292e9
2.0240062757731001e9
1.9822541787211015e9
1.9429249192229853e9
1.9016507642764065e9
1.8583487257508698e9
1.817718011367271e9
1.7753512790634124e9
1.7312159515358763e9
1.685294954019156e9
1.6375908384737723e9
1.588130268519984e9
1.5369686773198912e9
1.4841948118217273e9
1.4299347714104493e9
1.3824175123213995e9
1.3340609401144154e9
1.2916417197721808e9
1.248817789785208e9
1.205711149884046e9
1.1668153005628192e9
1.1278977262928631e9
1.08906264154271e9
1.0504161938287458e9
1.0120648033553995e9
9.741134522557057e8
9.36663991864739e8
8.994460799999793e8
8.591660284153206e8
8.198604316289369e8
7.86169218914109e8
7.533712799946039e8
7.247704786640781e8
6.969592989683962e8
6.699624328326936e8
6.437988557778815e8
6.184820626281478e8
5.940203733545507e8
5.704172926039102e8
5.476719070156052e8
5.257793056099356e8
5.047310101630591e8
4.845154043696288e8
4.651181525979511e8
4.465226010122258e8
4.287101556984118e8
4.116606340976571e8
3.953525875077588e8
3.797635936215585e8
3.6487051905248684e8
3.506497525561521e8
3.370774102148754e8
3.241295142452555e8
3.117821473325028e8
3.0001158452659005e8
2.887944047799625e8
2.7810758417275906e8
2.679285727999989e8
2.5823535718395913e8
2.4900650994231984e8
2.4022122830222842e8
2.3185936290811008e8
2.2390143822026008e8
2.1632866567147177e8
2.0912295061415467e8
2.0226689397234586e8
1.9574378940286258e8
1.895376166718307e8
1.8363303186094475e8
1.7801535494353455e8
1.726705551975074e8
1.6758523486155722e8
1.627466113895148e8
1.5814249860879818e8
1.537612870514759e8
1.495849180483055e8
1.456022699133811e8
1.417771248789294e8
1.3811548710226473e8
1.3459032430663246e8
1.3118560698612604e8
1.279062947191749e8
1.2473215163460805e8
1.2166890503474689e8
1.1870649742606479e8
1.1584842262542436e8
1.1308193502843958e8
1.1042202125821838e8
1.0786877252625152e8
1.0544062004851784e8
1.031490980407723e8
1.0098972331681637e8
9.89545743817892e7
9.703621417470376e7
9.522765802440193e7
9.352234384943043e7
9.191410449520382e7
9.039714209246539e7
8.896600431489623e7
8.761556241400081e7
8.634099090484166e7
8.513774878232045e7
8.400156214892052e7
8.292840813995239e7
8.191450003789337e7
8.095627347454098e7
8.005037362497863e7
7.919364330457263e7
7.838311188665375e7
7.761395725312337e7
7.688193959075937e7
7.618560867184153e7
7.551977397871369e7
7.488208825965343e7
7.427144237715577e7
7.368688428940023e7
7.312368061519709e7
7.258521949356523e7
7.206712804200077e7
7.156695514192717e7
7.108775668584251e7
7.062863397422352e7
7.018566764920409e7
6.975835868278089e7
6.935436591845717e7
6.896711946226543e7
6.859742144575965e7
6.824420810405165e7
6.790604129495467e7
6.757522518604901e7
6.72624843223613e7
6.6957290862376146e7
6.666897259913169e7
6.63940477328474e7
6.6125683655275494e7
6.587246169121037e7
6.562809412700443e7
6.5397700718125366e7
6.5176454816483475e7
6.49680231241196e7
6.477164066642293e7
6.4586592485306256e7
6.4412207349026814e7
6.424785248452212e7
6.409292922489236e7
6.3946869467142895e7
6.380913283623969e7
6.36792044541378e7
6.355659322217634e7
6.3440830529586e7
6.33314693089016e7
6.3228083367671326e7
6.3130266930601195e7
6.303763434192595e7
6.294981987509634e7
6.286647761211699e7
6.2787048809478685e7
6.271091287836885e7
6.263787749928433e7
6.256752225266099e7
6.24998383254156e7
6.2434026617686324e7
6.2370144606439516e7
6.2308253348997615e7
6.224759586157201e7
6.2188575274449445e7
6.2131911187601455e7
6.207554847868875e7
6.20209197281325e7
6.196838339203131e7
6.191578476566489e7
6.186522917172659e7
6.1816635704321414e7
6.176931434197657e7
6.172224289571139e7
6.16771865691528e7
6.163344815589948e7
6.159175328041437e7
6.155034719187789e7
6.15111658641486e7
6.147340798600384e7
6.143749850190224e7
6.140339497703694e7
6.137125671354137e7
6.134163815808063e7
6.131450810943354e7
6.128982440282881e7
6.1267533746582024e7
6.1247572029312365e7
6.1229865023168884e7
6.121432939695665e7
6.1200873975011334e7
6.118940115881423e7
6.117980845484471e7
6.1171990047651514e7
6.116583836546208e7
6.11612455996498e7
6.115810514002964e7
6.115631289987128e7
6.1155768565536566e7
6.115638001081211e7
6.1158057630197756e7
6.116074705539297e7
6.116440584306734e7
6.1168963370069884e7
6.1174427060029946e7
6.1180731752286285e7
6.118778210921959e7
6.1195797778767854e7
6.1204518229204535e7
6.121391401498838e7
6.1224406083068065e7
6.123559523569566e7
6.124776594534451e7
6.1260661297279984e7
6.127428805230029e7
6.128865768157454e7
6.130443532551001e7
6.132111000586422e7
6.1338651901498556e7
6.135732112420327e7
6.13775321405623e7
6.1399902167137645e7
6.142352120897913e7
6.1449084643274866e7
6.1475874078815006e7
6.1503884797394134e7
6.1533104130697355e7
6.156364448202581e7
6.159535546147167e7
6.1628202702619486e7
6.1662386329483174e7
6.169763596802001e7
6.173390236737771e7
6.177113370109886e7
6.180927664857136e7
6.1848277419825144e7
6.188823527377446e7
6.1928951199641824e7
6.197037474574163e7
6.201265229932403e7
6.2055550787862405e7
6.209927568635806e7
6.2144077758131795e7
6.218940627372507e7
6.2235509183640465e7
6.228302173738032e7
6.233100582505359e7
6.2380183583305925e7
6.2430023655423604e7
6.2480755552826114e7
6.253193069280211e7
6.2584555071766436e7
6.2637632133933365e7
6.269181821399852e7
6.274646850691862e7
6.280392742280199e7
6.2863456522812344e7
6.292538771453281e7
6.298789535685249e7
6.305250220847481e7
6.311771458319994e7
6.318352995831641e7
6.32499434401167e7
6.331694768477897e7
6.338986946442293e7
6.346345189283465e7
6.353770757586157e7
6.361258585827426e7
6.368942988687416e7
6.376687043054646e7
6.3844881002051674e7
6.3923434533168316e7
6.4004417384276405e7
6.408591246843216e7
6.4167891876490586e7
6.4250328928420015e7
6.433319847768109e7
6.4419108338321984e7
6.450542998747696e7
6.459214215910104e7
6.468056460078056e7
6.476935257887864e7
6.486046265464095e7
6.495192470530981e7
6.50462942832922e7
6.5141012312573075e7
6.523606964401304e7
6.533145856533909e7
6.542717249002533e7
6.552427569367815e7
6.5621699944226675e7
6.572609734456846e7
6.583084927473678e7
6.5936813712221e7
6.604652055599139e7
6.615659010784299e7
6.626819644950693e7
6.638015583208217e7
6.649245848503918e7
6.661373360640963e7
6.673538090089277e7
6.685738615205976e7
6.69822224636145e7
6.710740048500868e7
6.723290446395099e7
6.736188939711167e7
6.749118416330521e7
6.762077293768021e7
6.775064058879219e7
6.78858937005084e7
6.802141749018611e7
6.815904939791985e7
6.829693150722532e7
6.843505141774021e7
6.857545288729346e7
6.871607675508344e7
6.885691311499463e7
6.899795289716329e7
6.913918774492648e7
6.928060990886644e7
6.942776124953958e7
6.957509938625953e7
6.972261702582952e7
6.987030716181315e7
7.001816299952589e7
7.016617788935034e7
7.032460326862496e7
7.048319511918929e7
7.064333405050233e7
7.080362649448386e7
7.096406460023865e7
7.11287558144651e7
7.129358382757968e7
7.146428684396243e7
7.163511890717281e7
7.180607148701027e7
7.197713630675012e7
7.21488621905577e7
7.232506473162457e7
7.250136151400706e7
7.267774491717678e7
7.2854207693597e7
7.303074296627937e7
7.320734421742974e7
7.338400526186989e7
7.356866468814006e7
7.375337668518595e7
7.394460185096534e7
7.413717286800815e7
7.432978197920325e7
7.453980718411966e7
7.474986362643324e7
7.49599444810996e7
7.517004323362315e7
7.538015363408403e7
7.560367721003507e7
7.582720023881337e7
7.605444440668693e7
7.628167435566403e7
7.652102944899917e7
7.676035425747666e7
7.69996417783268e7
7.724415377128641e7
7.748861290766677e7
7.773301261037794e7
7.79788644010784e7
7.822464353207898e7
7.847711362096614e7
7.872949480962281e7
7.89817813640979e7
7.923396782958609e7
7.948604901186366e7
7.975074659372772e7
8.001531710317555e7
8.02797553680924e7
8.055147577990617e7
8.082304615517677e7
8.10944616585242e7
8.136571769470894e7
8.163680987945141e7
8.190885382815091e7
8.219341344244827e7
8.247777860397665e7
8.276901303689262e7
8.300328827431734e7
8.325077109831995e7
8.349809483824083e7
8.374525713301729e7
8.39922557108312e7
8.424424348841128e7
8.451020159076737e7
8.477799922014177e7
8.505763590454015e7
8.533704772477508e7
8.561623208280008e7
8.589518649025805e7
8.617390856607212e7
8.64523960242731e7
8.673064667951393e7
8.700865843636286e7
8.731385838305324e7
8.756031453719868e7
8.782850417856574e7
8.809646332447642e7
8.836648419579944e7
8.863626749025485e7
8.890581173492934e7
8.917511550088225e7
8.946621997167562e7
8.975703964806205e7
9.004757293146074e7
9.037512246685527e7
9.070230309047526e7
9.102911275802158e7
9.135733261859602e7
9.1685173541127e7
9.203169927965975e7
9.237779646044418e7
9.273540963786224e7
9.309255979951698e7
9.344924488847658e7
9.380546291299196e7
9.416121197305503e7
9.451649022610928e7
9.487129590394296e7
9.52256272991393e7
9.557948276150319e7
9.593286070394006e7
9.628575957952227e7
9.664386168200366e7
9.700146606449808e7
9.735857128750189e7
9.774785895571059e7
9.813654819327402e7
9.852463725294128e7
9.891212445855552e7
9.929900815601833e7
9.970885075787053e7
1.0011801026336877e8
1.0052648488996032e8
1.0093427286897905e8
1.0134449826534806e8
1.017540229892019e8
1.0216990952495882e8
1.025850675175699e8
1.0299949529259637e8
1.0341319121234483e8
1.0382885354944699e8
1.0424377120351976e8
1.046579425939709e8
1.0509362515099628e8
1.0544803744457808e8
1.0584931425851162e8
1.062498776087315e8
1.0664972617211415e8
1.0709219919683746e8
1.0753379022157587e8
1.079744975147895e8
1.084143193609828e8
1.0885325408540104e8
1.0929130001808707e8
1.097578564244447e8
1.1022339651967072e8
1.106879183409362e8
1.1116043213153346e8
1.1163188363858189e8
1.1210227088408743e8
1.1257159190670814e8
1.1303984480860244e8
1.1353929086399011e8
1.1403751149778947e8
1.144693286261604e8
1.1482231579112366e8
1.1521830651679358e8
1.1561386352062953e8
1.1600862945841253e8
1.1641570206293367e8
1.1684059942468987e8
1.1726456867995039e8
1.1768760847256264e8
1.1810971745543146e8
1.1853089430032034e8
1.1899915981754418e8
1.194662642678323e8
1.1993220587148884e8
1.2039698287319748e8
1.2086059353483304e8
1.2132303615395328e8
1.217875207429515e8
1.2225081752605064e8
1.2273260221366814e8
1.2321309192354712e8
1.2369228480656171e8
1.2417017903449887e8
1.2465440929907101e8
1.2513729517583053e8
1.2562511151537937e8
1.2611154439929871e8
1.2659659197492035e8
1.27080252422165e8
1.2756252398976131e8
1.280434049109407e8
1.2854410755166973e8
1.2907809964996691e8
1.2948833129611966e8
1.2991583949851103e8
1.3034221627651295e8
1.3082065169142182e8
1.3126033105035403e8
1.3159530122444624e8
1.319825780385538e8
1.3236889721142572e8
1.3275425795347615e8
1.3313865948913029e8
1.3352210105204403e8
1.3390458190287457e8
1.3428610130830142e8
1.3466665856087226e8
1.3507380967690358e8
1.3547985202956533e8
1.3589131479437053e8
1.3630163102456546e8
1.3671079991416666e8
1.3715549622100613e8
1.375988273964078e8
1.3804079247970885e8
1.384813905580874e8
1.3894709043658966e8
1.3941125129149917e8
1.3989190085232723e8
1.4037088680313742e8
1.4084820815064692e8
1.413238639621241e8
1.417978533484895e8
1.422701754821069e8
1.4274082957838336e8
1.4321151367360368e8
1.436805161748051e8
1.4414783645466334e8
1.4463386001390356e8
1.4511902195862335e8
1.4560234168484455e8
1.460838187063087e8
1.4656345262012908e8
1.470508462023493e8
1.4753632100146738e8
1.4801987676872814e8
1.4850151333187672e8
1.489812305900298e8
1.494590284970376e8
1.499349070750832e8
1.50408866418646e8
1.508809067026378e8
1.5135102814866465e8
1.5184502869037503e8
1.5227495345288962e8
1.526292186274871e8
1.5301257983733347e8
1.533946274833772e8
1.537753619046341e8
1.5415478346732366e8
1.5453382390193036e8
1.5491154582532907e8
1.5528794970607626e8
1.557068800893241e8
1.5612416696485412e8
1.5655928113310605e8
1.5701889784237796e8
1.5739047846777055e8
1.578087521044243e8
1.5815593103281668e8
1.5852377496616182e8
1.5889028577872184e8
1.5927229710066912e8
1.596611399983477e8
1.600484624177274e8
1.6043426547316203e8
1.6083746137794936e8
1.6123898700976723e8
1.6164951219316792e8
1.620582796793741e8
1.6251295027635017e8
1.629654307519537e8
1.6341572353353834e8
1.6386383116320136e8
1.6430975623935306e8
1.6475350144028e8
1.6519506951021394e8
1.6563446331001353e8
1.6607168574206322e8
1.6651326677741605e8
1.6695261691714734e8
1.673897394623786e8
1.6787202737979844e8
1.6835158307476756e8
1.6882841137371463e8
1.693073013750164e8
1.69783418733336e8
1.7025995072761822e8
1.7073368348293987e8
1.712046226854771e8
1.716727740926574e8
1.721381435991513e8
1.7260073721351913e8
1.7307692208594254e8
1.735501428479284e8
1.740204065597583e8
1.7448772038485286e8
1.749520916060842e8
1.7541403156719372e8
1.758730374612394e8
1.763291169412226e8
1.7679551961473426e8
1.7720007582199246e8
1.7760228876565257e8
1.7800216431858206e8
1.7839970843386656e8
1.787949271162567e8
1.7918782645284158e8
1.7957841259294447e8
1.799666917667764e8
1.8036439095385295e8
1.8075965410260195e8
1.811623619002399e8
1.8156252427274206e8
1.8196014893246353e8
1.8235524365784526e8
1.8274781631999245e8
1.8313787483110556e8
1.8352542719680786e8
1.839104814858086e8
1.8429304582347566e8
1.8464276860851768e8
1.849903978020706e8
1.8535234958937904e8
1.8571201816330892e8
1.860694110785207e8
1.8644742194119132e8
1.8675940578882712e8
1.8706962820302302e8
1.8737809452700746e8
1.8769794506058723e8
1.8801589740330598e8
1.883319577136577e8
1.8865123470284605e8
1.88968570465146e8
1.892933836118376e8
1.8961615174961868e8
1.89936882125291e8
1.902624309234581e8
1.9058586855429935e8
1.9090720284452152e8
1.9122644166458085e8
1.9154359291193128e8
1.918586645136169e8
1.9217166443426922e8
1.9248260067209977e8
1.9279148124591726e8
1.9311160774399793e8
1.9342951388470438e8
1.9374520887651172e8
1.9405870194392753e8
1.9437297387179086e8
1.9468502048466876e8
1.9499485138708225e8
1.9530247619163856e8
1.9560790453595564e8
1.959114446812884e8
1.9621280341823807e8
1.965376368294415e8
1.968024858136481e8
1.9706562270351967e8
1.973270544457962e8
1.9758678799689853e8
1.978473005644119e8
1.9811524380232975e8
1.9833628360803962e8
1.9855606503923678e8
1.9878214364717665e8
1.990068851202294e8
1.9923561295871904e8
1.9946294982577902e8
1.996889011709256e8
1.9992981529974014e8
2.0016914725299412e8
2.0040690378680617e8
2.006430916604845e8
2.0088004561718985e8
2.011154134048071e8
2.013492019970741e8
2.0158141837281787e8
2.0181206950456834e8
2.0204116237598193e8
2.022834728133323e8
2.02524031708773e8
2.027628475005235e8
2.0304201482479814e8
2.0331878759925017e8
2.0359317961178288e8
2.0386841139407927e8
2.041412340781155e8
2.044116619010205e8
2.0468799636908653e8
2.049136917085283e8
2.051376897152734e8
2.053599990832347e8
2.0558062849346763e8
2.0579958662616184e8
2.0601688215663278e8
2.0623252373394093e8
2.0644651999605146e8
2.066588795839006e8
2.0689190324217618e8
2.0712294621409577e8
2.073520201214702e8
2.075534324531027e8
2.077533149194114e8
2.0796937740394238e8
2.0818364351553577e8
2.083961236315473e8
2.086068281242425e8
2.0881576734610224e8
2.0904244138687876e8
2.0926702658875906e8
2.0949379296472105e8
2.0967779099334905e8
2.098680393857131e8
2.1005674674600625e8
2.1025557862951908e8
2.1045269105486104e8
2.106480944749622e8
2.1084179931682473e8
2.110338159806495e8
2.112241548255125e8
2.1142936302908868e8
2.115944601419991e8
2.1176497503708866e8
2.1193410579797217e8
2.1211636240907434e8
2.1229700359206396e8
2.1247603948325405e8
2.1265348016560522e8
2.1282933569033048e8
2.1300539607154134e8
2.1317985913554335e8
2.133527351353408e8
2.1352403429697585e8
2.13697872316708e8
2.1387007752716714e8
2.1404561999700677e8
2.1421945616249952e8
2.1439159775309342e8
2.145423297634312e8
2.1469175542888504e8
2.148362616215112e8
2.1495480716848007e8
2.1508843465185165e8
2.152209908609556e8
2.153524818652679e8
2.1548291372297877e8
2.1561229245977986e8
2.1574515659038067e8
2.158769046561788e8
2.1600754327501234e8
2.1613707903849092e8
2.1627889887565234e8
2.1640337166192585e8
2.1650554570211053e8
2.1660701439000198e8
2.1670778114960304e8
2.168174571423556e8
2.1692629797648767e8
2.1703430811709142e8
2.1714149201589397e8
2.172484659493136e8
2.1735461305133367e8
2.174607647617359e8
2.1756608566901025e8
2.1767911264926103e8
2.1779117805088377e8
2.179022875927803e8
2.1801244695946074e8
2.1812652062333468e8
2.182420647103663e8
2.1833282639217794e8
2.1842639001581073e8
2.1851924138954213e8
2.18611384276354e8
2.1870282242453137e8
2.187954157144255e8
2.188872828602309e8
2.1897842779616934e8
2.1906917212169123e8
2.1915919702716768e8
2.1925273973110387e8
2.1934550170514116e8
2.1943748742760196e8
2.1954395398777002e8
2.1964937463888782e8
2.197537564134852e8
2.198571063134516e8
2.1995943129614833e8
2.200607382933452e8
2.2016677535540885e8
2.2027168970691025e8
2.2038033705275473e8
2.2048777177869767e8
2.2059400301394013e8
2.2069903984289286e8
2.208028913034978e8
2.2090556635647866e8
2.2101056774655342e8
2.2111432922540742e8
2.2121686055399024e8
2.2131817141492715e8
2.2140762520432582e8
2.214961200795537e8
2.215836628248358e8
2.2167026017784414e8
2.2174662906432492e8
2.2180840863530028e8
2.2187670015605384e8
2.2194438536844447e8
2.2201603371468487e8
2.220869982320087e8
2.2215728313946664e8
2.2223501917420012e8
2.222991155096434e8
2.223680807663059e8
2.2243636909304234e8
2.2250398473470977e8
2.2257093191384006e8
2.2264124224921867e8
2.227108096917704e8
2.2277963920101643e8
2.2284773571202987e8
2.2291776126626077e8
2.2298700530623052e8
2.2305547329053935e8
2.231259881356683e8
2.2318273313098323e8
2.2324023695437044e8
2.2329902574159274e8
2.2335721201297563e8
2.2341479954757777e8
2.2347179211755627e8
2.2352992313277623e8
2.2358742997461054e8
2.236443166990382e8
2.2370058733495793e8
2.2375624589258322e8
2.238112963525429e8
2.238676887166544e8
2.239234371070804e8
2.2397854587602404e8
2.2403301935197142e8
2.2408987245948946e8
2.2414602660811827e8
2.2420148680062923e8
2.2425876148811764e8
2.243152879882279e8
2.2437107191449553e8
2.2442611884274012e8
2.2448043431638756e8
2.2453402383547083e8
2.2458689286085135e8
2.2463904682675084e8
2.2469049112142882e8
2.2474123109517e8
2.247912720584897e8
2.2484061930132565e8
2.2488927805988282e8
2.2493853622297207e8
2.2497857401413703e8
2.250220625935314e8
2.2506497195761958e8
2.2510737349167496e8
2.251420712173823e8
2.2517861843192837e8
2.252158548549131e8
2.2525262479305413e8
2.252889312562446e8
2.253291097165823e8
2.2536871295462242e8
2.2540774515251386e8
2.2544712235014755e8
2.2548590965648735e8
2.2552411145959798e8
2.2556173211703366e8
2.2559877595909512e8
2.256352472729066e8
2.2567115033288035e8
2.2570749139811414e8
2.2573693054876664e8
2.257679339193162e8
2.257993482427999e8
2.2583028909045222e8
2.2586075974368557e8
2.25890763478733e8
2.2592030352707398e8
2.259493831215471e8
2.259791926762712e8
2.2600850952475056e8
2.2603733724403477e8
2.2606567937918207e8
2.2609353944794765e8
2.2612174513557783e8
2.261494465548251e8
2.2617664747458944e8
2.2620335165034238e8
2.262326669158385e8
2.2626136927060568e8
2.2628946384346154e8
2.263169557452487e8
2.263413156573371e8
2.2636519003402013e8
2.263885825650353e8
2.264114969217744e8
2.2643531339079896e8
2.2645859894231817e8
2.2648135787317422e8
2.265035944365159e8
2.2652531286451152e8
2.265465173452709e8
2.2656721204919434e8
2.265874010998949e8
2.2660708860071477e8
2.2662627861900803e8
2.266449751805134e8
2.2666318228881404e8
2.266809039212364e8
2.2669814401092803e8
2.2671551772143945e8
2.2673238211046094e8
2.267467921696703e8
2.267608147336123e8
2.2677445266463476e8
2.267885691352499e8
2.2680225527410477e8
2.2681629473207745e8
2.268298586348099e8
2.2684295097019207e8
2.2685557568318558e8
2.2686773669591245e8
2.2687943788914365e8
2.268906831358505e8
2.269014762537297e8
2.2691235786678007e8
2.269227466626807e8
2.2693264699186486e8
2.2694206317622763e8
2.2695113408071268e8
2.2695819229881155e8
2.2696492451250625e8
2.269713331138672e8
2.269774204879658e8
2.269836658973395e8
2.269895387803165e8
2.269950421151983e8
2.2700017884875268e8
2.2700495191613033e8
2.2700936422045124e8
2.270134780051415e8
2.2701722585512552e8
2.2702061073676983e8
2.270236622455843e8
2.2702634995706412e8
2.2702867685685652e8
2.2703046936125165e8
2.2703172705699292e8
2.2703290930828315e8
2.2703384708252802e8
2.270345420582824e8
2.2703499590466052e8
2.270352102672359e8
2.2703518678342068e8
2.2703490183602172e8
2.270343501207955e8
2.270335336974687e8
2.2703245450149283e8
2.2703111445534864e8
2.270295139926466e8
2.2702765604208678e8
2.270255424951399e8
2.2702295659910515e8
2.2702007313266632e8
2.2701689446263984e8
2.2701342294655198e8
2.2700966091274118e8
2.2700561066812617e8
2.2700127451427427e8
2.2699665473605114e8
2.2699203277376848e8
2.2698817826937735e8
2.2698403417865878e8
2.2697930538304076e8
2.2697437884948713e8
2.2696925591389883e8
2.2696375151343727e8
2.2695803984954914e8
2.2695210231241032e8
2.269459590527625e8
2.2693961151600948e8
2.2693269010528156e8
2.2692554429320413e8
2.2691817574176073e8
2.2691058610807133e8
2.269023888052654e8
2.2689395191839516e8
2.2688517316399273e8
2.2687615293782923e8
2.2686663585409662e8
2.268568679318061e8
2.268468512150002e8
2.268365877161081e8
2.2682546414262682e8
2.2681406900115335e8
2.2680240461300382e8
2.2679047328661886e8
2.2677827731643832e8
2.26765818970899e8
2.267531005000891e8
2.2674012413857523e8
2.2672582153238797e8
2.267127589414969e8
2.266994612161474e8
2.26685930310973e8
2.2667375714176106e8
2.2666140403076133e8
2.2664887229860297e8
2.266361632629608e8
2.2662327822932944e8
2.2661021849596915e8
2.2659698534981206e8
2.2658358006338766e8
2.2657000390798518e8
2.2655596141639137e8
2.2654031260365415e8
2.2652445305745527e8
2.2650838451099908e8
2.2649210869321302e8
2.2647562732662034e8
2.2645894211516118e8
2.2644120070709336e8
2.2642323824268776e8
2.2640505665250015e8
2.2638986289065742e8
2.2637265651482084e8
2.2635526646163324e8
2.2633769421449676e8
2.2632055430363238e8
2.2630618079333517e8
2.2629137058079267e8
2.2627643730997422e8
2.2626138566810304e8
2.2624621643276373e8
2.2623093038409504e8
2.262140275763474e8
2.261969861330321e8
2.2617980706824994e8
2.2616249137926716e8
2.2614504006361854e8
2.2612745411012572e8
2.2610973449486405e8
2.2609164747118616e8
2.2607342527045268e8
2.2605506434211814e8
2.2603657015513644e8
2.2601794369523096e8
2.2599918593807134e8
2.259794784880811e8
2.25959630299478e8
2.2593861143207595e8
2.2591743943230182e8
2.258961155437869e8
2.25874640994844e8
2.2585276912965783e8
2.2583074565160817e8
2.2580797638403556e8
2.2578504993109497e8
2.2576196761475715e8
2.2573766918639573e8
2.2571639602774832e8
2.256989743354135e8
2.2568074893069324e8
2.256621620780094e8
2.2564348388771465e8
2.2562388731358317e8
2.2560419253406692e8
2.255814359541104e8
2.2555855157278606e8
2.25535540398692e8
2.2551240343874922e8
2.2548914169258183e8
2.2546563506785417e8
2.2544200437688825e8
2.254182506012665e8
2.2539437473169282e8
2.25370377742126e8
2.2534374399814767e8
2.253204563014657e8
2.252970595882741e8
2.2527027580808973e8
2.252433528830586e8
2.252149720161645e8
2.2519157070255807e8
2.2516627854831818e8
2.2514540906359512e8
2.2512020149138162e8
2.2509488289837843e8
2.2506945417209366e8
2.2504391620086756e8
2.250182698616477e8
2.2499251603255e8
2.249637144477341e8
2.2493478185469446e8
2.2490571942939037e8
2.2487652834603032e8
2.2484720975807557e8
2.2481776480950576e8
2.247857532859162e8
2.2476177345508385e8
2.247424750457329e8
2.2472042438720384e8
2.2469830746475768e8
2.2467612472696432e8
2.2465185806416258e8
2.2462751420678174e8
2.2460241059048435e8
2.245772266078953e8
2.2455196286250877e8
2.2452477143230438e8
2.244974896296583e8
2.2446829687615618e8
2.2443900303766075e8
2.244096089847242e8
2.2437938752255082e8
2.2434906267085475e8
2.2431863533568895e8
2.242912033650423e8
2.2426369001042566e8
2.2423831511585295e8
2.2421287243257985e8
2.241873236118251e8
2.2416062691601303e8
2.241334885360154e8
2.2410627651242775e8
2.2407899141980562e8
2.2405163382442895e8
2.2402420428237355e8
2.2399670336169308e8
2.2396913161438107e8
2.239408279564708e8
2.239124512165981e8
2.2388217737692168e8
2.2385182214872456e8
2.2384187089946076e8
