599.9999980450517
599.9999980439874
599.9999980435189
599.9999980427827
599.9999980419935
599.9999980409843
599.9999980398852
599.999998038564
599.9999980370293
599.9999980352364
599.9999980331312
599.9999980305449
599.9999980276368
599.999998024099
599.999998019938
599.999998015053
599.9999980093569
599.9999980024822
599.9999979944488
599.9999979851113
599.9999979740148
599.999997961144
599.9999979462823
599.9999979283671
599.9999979075886
599.9999978837467
599.9999978546937
599.9999978203683
599.9999977803761
599.9999977347712
599.9999976788769
599.9999976173127
599.9999975415408
599.999997458524
599.999997365483
599.9999972694565
599.9999971627158
599.9999970300346
599.9999968663905
599.9999966843515
599.9999964741169
599.9999962291499
599.9999959368471
599.9999956155485
599.9999952443113
599.9999948340475
599.9999943823597
599.9999938739224
599.9999932615619
599.9999926206872
599.9999918426803
599.9999910480107
599.9999901485002
599.9999892016073
599.9999879484589
599.9999866645916
599.9999852145509
599.9999835370752
599.9999815624155
599.9999795289614
599.9999773754411
599.9999745914643
599.9999717091314
599.9999684876959
599.999964496294
599.9999603518729
599.9999555065045
599.9999502833372
599.9999444401686
599.9999375603055
599.9999303846702
599.9999227695769
599.9999148078632
599.9999058045269
599.9998960534244
599.9998859338469
599.9998730344972
599.9998595931036
599.9998456295888
599.9998305459728
599.9998149192849
599.9997982655458
599.999780407756
599.9997619745786
599.9997410286092
599.9997194284463
599.9996971971203
599.9996743557335
599.9996498075092
599.9996215249672
599.9995924982246
599.9995607760234
599.9995282845022
599.9994950722057
599.9994552412901
599.999414543055
599.9993730435369
599.9993304142738
599.999280894166
599.9992306007492
599.9991774291886
599.9991236454061
599.9990630279938
599.9990019586598
599.998936610402
599.9988711385863
599.9987969639345
599.9987231711408
599.998650058053
599.9985750991057
599.9984969461781
599.9984202325464
599.9983458796344
599.9982742854511
599.9982044045373
599.998138236475
599.9980762083856
599.9980107597875
599.9979623171093
599.9979116272291
599.9978679822551
599.997831300475
599.9978030974677
599.9977839550953
599.9977740138867
599.9977768064216
599.9977941555106
599.9978323829495
599.9978916663871
599.997973290921
599.9980785413843
599.9982087006218
599.9983650507249
599.9985488717614
599.9987727988135
599.9990298885382
599.999340305543
599.9996914135437
600.0000849692599
600.0005227273829
600.0010064415184
600.001537863259
600.002244272382
600.0030255933754
600.0039810676838
600.004814399896
600.0057131978797
600.0069190593675
600.0079319158003
600.0090313420433
600.0102020837681
600.0114837230884
600.0128451639932
600.0142899345675
600.0158189668609
600.0174344179096
600.0192648087517
600.0212515392416
600.0233511327963
600.0257379089516
600.028262070638
600.0303692496658
600.0326849050952
600.0351716949633
600.0378101438912
600.0405652240424
600.0436575140228
600.0468901272504
600.0502793258032
600.0538159440472
600.0575030025924
600.0616311073621
600.0662444467669
600.0710687491433
600.0756128451541
600.0794658721135
600.0835907246103
600.087972545111
600.0924977760843
600.0972823385227
600.1023284386772
600.1075390634926
600.1129168646893
600.1186869403072
600.1251519593187
600.1305929292001
600.1363923483998
600.1430538063117
600.1499227202897
600.1570023748484
600.1647080936757
600.1729695439975
600.1814969976525
600.1902948896189
600.1995524070549
600.2091007328183
600.2205230884427
600.230013178995
600.2397689146022
600.249907742827
600.2603264148381
600.2721271237199
600.2842778455824
600.2967842786202
600.309652177275
600.3233296979204
600.3374055705558
600.3520112053584
600.3670354450867
600.3827979519624
600.399010475211
600.4156804907716
600.4319390866584
600.4453937023637
600.459130134257
600.4737042302653
600.4895957120166
600.5059326305313
600.5226384616094
600.5397183537007
600.5580425180048
600.5767901264542
600.5959673683877
600.6155805229112
600.6356359617198
600.6561401522557
600.6770996608093
600.6985211556922
600.7209933028721
600.743966623946
600.7675800833775
600.7928583304979
600.8187179523384
600.8447061865696
600.8650114685425
600.88897803172
600.9134136963178
600.9394113615633
600.9659343555549
600.9929904648537
601.0212256308192
601.0502678910769
601.0764835660996
601.1031707452727
601.1335063064791
601.1644459521268
601.1959990774338
601.2288071518934
601.2622731378749
601.2964076357316
601.3321288950716
601.3620986546466
601.3934100114875
601.4252566477809
601.457646256597
601.4905866857182
601.5240859424971
601.5581521987845
601.5927937959798
601.6280192503968
601.6644115430233
601.7014246958886
601.7390682282448
601.777862829268
601.8104206568343
601.8475849853302
601.8860164373583
601.9250708799958
601.964757836986
602.0054339761257
602.046773592949
602.0887871412144
602.1314853188542
602.1748790760304
602.2189796237449
602.2664164458992
602.3146710839322
602.3638750524287
602.4139298508551
602.4648506459871
602.5167691011399
602.5695891520583
602.6233273442415
602.6780006821477
602.735009014226
602.7930368284119
602.8521040367749
602.9122311419911
602.9734392615019
603.0357501528262
603.0991862402415
603.1645846622888
603.2311850177605
603.3005602631157
603.3712473206326
603.44327535322
603.5166745146514
603.5914759954807
603.6677120715668
603.7278309112602
603.7888483277337
603.8550587308081
603.9223346674862
603.9906974944598
604.0611258607775
604.1327172671486
604.2054961025472
604.2794875376321
604.3547175585421
604.4312130025352
604.5111147790449
604.5924113487954
604.6751348387183
604.7593185067607
604.8449967955171
604.932205389118
605.0209812734021
605.1113627998118
605.2033897533513
605.2971034245867
605.3925466863294
605.4897640751433
605.5888018782615
605.663488853344
605.7392247793377
605.8207928041212
605.9035923392485
605.9876500827746
606.0729936128631
606.1672869312324
606.2631721973444
606.3668899675504
606.4516824220761
606.5377255966262
606.6250468309819
606.7136743716524
606.8037505028818
606.8951957657365
606.9880414968308
607.0823201203472
607.1780651984948
607.2753114850892
607.3827165577258
607.4919843506004
607.6031647187964
607.7171238041606
607.833905065495
607.9528199388565
608.0739295971225
608.2002227640078
608.3057867405056
608.418557630083
608.5332408058757
608.6498880674043
608.7709103902768
608.8940905444838
609.019490656102
609.1536382876684
609.2903840532543
609.43451880028
609.5816112271073
609.7128013885512
609.8464018153853
609.9857422496477
610.1374313060322
610.2922841450572
610.4515209139724
610.614196227433
610.7804352163464
610.9503699019324
611.104573127921
611.2619069852411
611.4480115711871
611.5994429888292
611.7545197285086
611.9126806847655
612.0740315466495
612.2457662219985
612.4249996035605
612.6082633648291
612.7957155748147
612.987523670217
613.1867276681925
613.3907935315707
613.5999306666978
613.8143621227042
614.0345063786418
614.2604465138629
614.4924549427037
614.7432012776646
615.0013399911113
615.1973312957008
615.3977545404625
615.604654238067
615.8201756974601
616.0409819038709
616.2673078364736
616.4994042491049
616.7375390993257
616.9971148291636
617.264178647583
617.5391271927606
617.8223889225075
618.1144275719411
618.4157460900993
618.6601692889192
618.8664578194815
619.0968362339727
619.3328372060265
619.5872898716959
619.848553889212
620.1561879608879
620.4049448548968
620.730768447532
621.0676077291889
621.3761942232949
621.694532088899
622.0232008501583
622.3741329807851
622.7375180290155
623.114192372604
623.5050776070531
623.9298648441746
624.3126601535008
624.6412122872592
625.017107606498
625.406740549451
625.8110671432714
626.2332636124123
626.6725563764317
627.130269814622
627.6355711217668
628.1650594131371
628.7209648946308
629.3058307717336
629.9225731537053
630.5745556590923
631.2656831660163
631.9216349962703
632.6164652061417
633.2767063507748
633.9755829362194
634.6367789522094
635.3359504541908
635.9981120544901
636.6975762126451
637.4383363653096
638.1351974164882
638.872078844416
639.5708965742269
640.30896613738
641.0903626870115
641.8251047835479
642.6015065301359
643.4238120692665
644.2030295896047
645.0268143726927
645.899537954433
646.8260802178722
647.8118564087877
648.8628136678137
649.9853684665982
650.9398004466551
651.7893645737363
652.5699075820319
653.3828770534835
654.1046702185638
654.8512550197229
655.5213810419317
656.2101824206039
656.8421118707806
657.4880560675862
658.1471614294524
658.7486463810758
659.3586588444998
659.9758022680485
660.5983700514051
661.2243213242485
661.8512654595852
662.4764596054467
663.0968239083568
663.7089789726589
664.2238909616806
664.7277762693772
665.1531988586291
665.567045144672
665.967841923078
666.3159610993985
666.6514831981707
666.9735833733528
667.2815522865351
667.5748098613446
667.8529154250883
668.1155737545404
668.3650435267549
668.6220647052812
668.8598790037363
669.053517584528
669.2329731159888
669.382175088691
669.5207420395748
669.6491006424328
669.7677073002454
669.8770396363318
669.9775885479169
670.0698509694154
670.1543234436821
670.2314965542935
670.3018502324479
670.3658499195245
670.4239435408572
670.4765592279
670.5241037138994
670.5669613217154
670.6054934604966
670.6400385496004
670.6709122924558
670.6984082291899
670.7227985040871
670.7443347916861
670.7632493331638
670.7797560422206
670.7940516467521
670.8063168390515
670.8167174130155
670.8254053718114
670.8325199937607
670.8381888477631
670.8425287525429
670.8456466764316
670.8476405762714
670.8486001755305
670.8486076828472
670.8477384530385
670.8460615932063
670.8436405169492
670.8405334499247
670.83679389011
670.8324710261276
670.8276101169394
670.8222528361108
670.8164375836964
670.8101886777523
670.8035340005663
670.7964483977968
670.7889731849345
670.7810800077469
670.772749286518
670.7640078542612
670.7548129274523
670.7451886576199
670.7351105019732
670.72459609612
670.713601369822
670.7021909927973
670.6903794360135
670.6782790327978
670.6659960308406
670.6535666935347
670.6410067219729
670.6283303935246
670.6155506840296
670.6026793793047
670.5897271770838
670.5767037803606
670.5636179829733
670.5504777481636
670.537290280752
670.5240620934921
670.5107990680989
670.497506511399
670.4841892069918
670.4708514627825
670.4574971547036
670.4441297669172
670.4307524287666
670.4173315733881
670.403833014602
670.3902675671885
670.3765670321837
670.3627089312505
670.3486938371798
670.3345256529351
670.320108906342
670.3055514309968
670.2907583478385
670.2756716413463
670.2604009094945
670.2449449596326
670.2291909097414
670.213131337984
670.1970910413705
670.1808553914249
670.1644914141264
670.1479899418731
670.1313179058903
670.1140975210766
670.0969046855367
670.079181133918
670.0614884443263
670.0436660506086
670.0252744998228
670.0069188297902
669.9881767121562
669.969473683193
669.9504579087497
669.9314842345492
669.9125533854038
669.8936660555406
669.8748229063949
669.8560245643221
669.8372716183582
669.8185646181262
669.7999040719711
669.7812904453771
669.7627241597122
669.7442055913192
669.7257350709723
669.7073128836946
669.6889392689366
669.6706144210879
669.652338490322
669.6341115837256
669.6158790996938
669.5975559138544
669.579147589062
669.5605968249621
669.5419491927282
669.5230238793931
669.5038683847284
669.484538388677
669.4648251063477
669.4448828033361
669.4250010106293
669.4044790068657
669.3838452922998
669.3632762344668
669.3419279635383
669.3206486889032
669.2994378349484
669.2780048413014
669.2558460047576
669.2337608548553
669.2113963016828
669.1891064425845
669.1658856495668
669.1427449849866
669.1191685917936
669.0953482602602
669.0711869680001
669.0467206230296
669.022342337152
668.9980513514315
668.9738469339482
668.9497283780232
668.9256950001978
668.9017461380867
668.8778811481636
668.8540994035452
668.8304002918406
668.8067832130976
668.7832475778864
668.7597928055429
668.7364183225961
668.7131235613763
668.6899079588197
668.6667431590213
668.6436390968177
668.6206128254194
668.5974464007608
668.5740865090958
668.5506680538658
668.5269520845897
668.5030943088998
668.4793001252664
668.4548023036311
668.4303914408035
668.4060668327438
668.3807989068798
668.3556231774666
668.3299436516589
668.3043591028281
668.2788687044169
668.2534716378689
668.227109305321
668.2007611952702
668.1745123588457
668.1480296822239
668.1208428481038
668.0923253860936
668.0637816503485
668.0344645465239
668.0052691343743
667.9761942051223
667.9472385712673
667.9182778148261
667.8894350271759
667.8607090572355
667.8318999395298
667.8032069807821
667.774629056051
667.7461650563795
667.7178138884485
667.6895744742901
667.6613391840489
667.6332143668019
667.6051989776519
667.577164487908
667.5492383617008
667.5212629849802
667.4930648365198
667.4649757679688
667.4368260141209
667.4082262416011
667.3797381109075
667.3509293112195
667.3221121566688
667.2931535022161
667.2643085500139
667.2350168849463
667.2058411727457
667.1764259032205
667.1471271959359
667.1167116851481
667.0856101437271
667.0536846605462
667.0218955638837
666.9894833037708
666.9572111582606
666.925077698085
666.893081517517
666.861221233355
666.8270074831801
666.7929485675726
666.7590289169442
666.7252609435396
666.6910385311097
666.6569699841699
666.6230536627854
666.5892879524573
666.5548621667402
666.5205909983766
666.4864727934844
666.4525059246134
666.4186887904992
666.3839610231287
666.3493892016814
666.3149716547905
666.2801822731568
666.2455485527734
666.2103093372674
666.1752292580721
666.1393339805652
666.1036032213219
666.0680351930156
666.0326281417374
665.9973803462491
665.9619006628105
665.9265803567147
665.889032581753
665.8516626646482
665.8141640939003
665.7756554772498
665.737332976982
665.6987878020697
665.6604284794108
665.6222529255508
665.5813567813155
665.5406687580777
665.5001864003616
665.4590915328735
665.4182057502327
665.3775265900639
665.3360355154708
665.2947565023217
665.2536870450834
665.2128246855569
665.1705728458081
665.1285394454421
665.0861536707745
665.0439869924378
665.0020368030147
664.9596826613246
664.9175462303318
664.8756249419538
664.8339162784662
664.7924177713155
664.7511269999136
664.7084367191684
664.6659655890571
664.6237110496406
664.5816705912865
664.5398417532776
664.4982221224593
664.4539513516697
664.4099142005487
664.3657259608588
664.3217698191356
664.2780430349707
664.233431535688
664.1890556285035
664.1433795504656
664.0979497510194
664.052763266265
664.0078171913436
663.9629636733566
663.917212611114
663.8717070555416
663.8264440858592
663.7814208388431
663.7366345073
663.6920823385954
663.6477616332525
663.6016931639009
663.5558715810638
663.508703329733
663.4614748075404
663.4145048621185
663.3635877286583
663.3129703459884
663.2626488768882
663.2126195664048
663.1628787394427
663.1102766095107
663.0579926456459
663.0051584345853
662.9526445496996
662.8976651691486
662.8430318958469
662.7887400766283
662.7336006332038
662.6788083529906
662.6243585970254
662.5699116873892
662.51580246225
662.460549311636
662.4056433620933
662.3510800316006
662.2968548394587
662.2429634031954
662.1867041397105
662.1308036156524
662.0752570793834
662.0185149968104
661.9621372146693
661.9061189080985
661.8504553596092
661.7951419557947
661.7399476284335
661.6825447422104
661.6255137461318
661.5674444897552
661.5209780440641
661.4721267429761
661.423544780382
661.375229160142
661.3271769423282
661.278389524576
661.2271519803818
661.1758209339666
661.1224963486819
661.0694923292679
661.016805049784
660.9644307613132
660.9123657897937
660.8606065339453
660.8091494632486
660.7579911160061
660.7021190096546
660.6572192668907
660.6085790919697
660.5602061467093
660.5116863630509
660.463432643429
660.4154421704233
660.3677121770719
660.3163602915403
660.2653067754185
660.2145483135089
660.1576127166376
660.1010442155821
660.0448383223325
659.9886863807116
659.9328922021223
659.8742324083346
659.8159635034366
659.7560856860093
659.6966157745876
659.6375486068955
659.5788791311047
659.5206024024817
659.4627135802498
659.4052079244966
659.3480807932415
659.2913276395958
659.2349440090222
659.1789255367266
659.1223726157826
659.066187919877
659.0103671382861
658.9498369581933
658.8897300915888
658.8300412676213
658.7707653263004
658.7118972152891
658.6498754260326
658.5883014309276
658.5271695686731
658.4664742988522
658.4057487435709
658.3454555774263
658.2845578602962
658.224096631249
658.1640665227418
658.1044622785478
658.0448928475091
657.985744514215
657.9270122406771
657.8655596277782
657.8158170333847
657.7597614474895
657.7040828623587
657.6487770560786
657.5878905217447
657.527451584955
657.4674548251662
657.40789493211
657.3487667025692
657.2900650373665
657.2278760641078
657.1661613820722
657.1049151610482
657.0429530664128
656.9814659878459
656.9204481217154
656.8598937828816
656.7997974011682
656.7360461016859
656.672805506947
656.6182767908422
656.5738958592111
656.524313241283
656.4749996038445
656.4259965851447
656.3756857155306
656.3234077161826
656.2714818016088
656.2199043555388
656.1686718232523
656.117780710035
656.0614649933872
656.0055643531689
655.9500742029845
655.8949900399393
655.8403074424551
655.7860220681061
655.731755303075
655.6778827160966
655.6221282563081
655.5667930589387
655.5118725295462
655.4573621558843
655.4023926619811
655.3478374496733
655.2929879569439
655.2385544473574
655.1845324207751
655.1309174558686
655.0777052080336
655.0248914076008
654.9701581839524
654.912072714142
654.8676485569077
654.8215360544945
654.7757296782372
654.7245476083235
654.6777122878561
654.6421587585864
654.6011904265206
654.5604687667413
654.5199917523931
654.4797573830534
654.4397636842244
654.4000087068109
654.3604905266762
654.3212072441204
654.2793272958907
654.2377131948303
654.1956970841289
654.1539508143529
654.1124720829521
654.0675613308442
654.0229628549746
653.9786737952243
653.9346913320952
653.8883857510866
653.8424185071656
653.7950117330835
653.7479631979683
653.7012693994409
653.6549268875456
653.6089322636158
653.5632821790949
653.5179733344667
653.4728399032011
653.428043678096
653.3835814661073
653.3375218779323
653.2917276634131
653.2462883903102
653.2012006121621
653.1564609323799
653.1111754652899
653.0662452716347
653.0216668991586
652.9774369450926
652.9335520550943
652.8900089222509
652.846804286041
652.8039349313377
652.761397687444
652.7191894272413
652.6750038128203
652.6366873081413
652.6052096577964
652.5712436321643
652.5374936128171
652.5039579525858
652.4706350222306
652.437441769371
652.404459071822
652.3716853407209
652.3353183205205
652.2992079535521
652.2616752401933
652.2221614987279
652.1903152161286
652.1545722280138
652.1249885988424
652.0937267873398
652.0626624465903
652.0303732457388
651.99759927701
651.9650458529532
651.9327112522918
651.8990155432933
651.8655569507082
651.8314484390329
651.7975858046653
651.7600367954934
651.7227894223319
651.6858409121983
651.6491885261607
651.6128295588625
651.5767613378425
651.5409812229731
651.5054866057409
651.4702749088696
651.4348203215673
651.399651973759
651.364767265029
651.3263991793748
651.2883734851374
651.2506867632691
651.2129593388237
651.1755709050954
651.1382693924625
651.1013046070923
651.0646731781286
651.0283717776057
650.9923971194874
650.9567459589422
650.9201599339522
650.8839139594457
650.8480045652287
650.8124283251555
650.7771818562827
650.7422237389277
650.7075894580671
650.6732757450375
650.6382874207051
650.608021642662
650.5780070569234
650.5482414038984
650.5187224485098
650.4894479798935
650.4604158109421
650.4316237779874
650.4030697403937
650.3738927004442
650.3449638339315
650.3155608130617
650.2864138382429
650.2575205192443
650.228878492071
650.2004854184709
650.1723389856994
650.1444369059691
650.116776916173
650.0893567775231
650.0643433501895
650.0395293003819
650.013745115287
649.9881759789355
649.9628199872471
649.9360565164708
649.914010328965
649.8921264713399
649.8704036782353
649.8479180825044
649.8256049102541
649.8034627643307
649.7811337120556
649.7589784339561
649.7363400680747
649.7138829789403
649.6916056370374
649.6690320195511
649.6466428024694
649.624436401125
649.602411245906
649.5805657821189
649.5588984697896
649.5374077834654
649.5160922120403
649.4949502586232
649.4730726387598
649.451380778248
649.4298730245588
649.408547741215
649.3872016253844
649.366038189177
649.3450557970382
649.324252829312
649.303627681996
649.283158644379
649.2628646092161
649.2410205246191
649.2232335811455
649.2055821760961
649.1880652315133
649.170681678606
649.1532654033684
649.1353724141502
649.1206267305497
649.1059784192128
649.09092422781
649.0759728202081
649.0607701274603
649.0456736399149
649.030682584523
649.0147133654982
648.9988637132506
648.9831326953363
648.9675193869759
648.951869180991
648.9363371672686
648.9209224164684
648.9056240069084
648.8904410245227
648.875372562738
648.8594474562252
648.8436501791991
648.827979663741
648.8096765836542
648.791546308784
648.7735871413589
648.7555877707928
648.7377601402823
648.7201025447183
648.7020727790383
648.6873568415976
648.6727600414583
648.6582813747916
648.6439198465273
648.6296744702317
648.615544268028
648.6015282705891
648.5876255169984
648.5738350546254
648.558709218629
648.5437183778243
648.5288612775779
648.5158028802006
648.5028477272577
648.4888481540938
648.4749690588524
648.4612093611993
648.4475679906795
648.4340438866682
648.4193748449142
648.4048436585377
648.3901736291793
648.3782717691006
648.3659666384698
648.3537619521057
648.3409029896419
648.3281554465577
648.3155183150517
648.3029905966159
648.2905713019444
648.2782594508875
648.264984208321
648.2543023350191
648.2432682767584
648.2323218719347
648.2205235025048
648.2088268835256
648.19723109696
648.1857352332635
648.1743383912341
648.1629242587153
648.1516093665973
648.1403928111256
648.1292736968779
648.1179844550284
648.1067955728711
648.0953836284378
648.0840759922175
648.0728716640003
648.0630548398863
648.0533172527702
648.043894431054
648.0361599506281
648.0274364000438
648.0187772688079
648.0101820568665
648.0016502680712
647.9931814102221
647.9844779772236
647.9758409570231
647.9672698162012
647.9587640256889
647.9494432900021
647.9412551856738
647.9345285418434
647.9278433584524
647.9211993660587
647.9139620489399
647.9067735733236
647.8996335914323
647.8925417579924
647.8854571903682
647.8784206359444
647.871376850126
647.864381138963
647.8568655090664
647.8494053197805
647.8420001386498
647.8346495366826
647.8270282710611
647.8192986190089
647.8132194751332
647.8069456651156
647.8007124078567
647.7945194256004
647.7883664425259
647.7821280511537
647.7759307444371
647.7697742353637
647.7636367382596
647.7575397541628
647.7511957003932
647.7448954726106
647.7386387492095
647.7313852716651
647.7241902084654
647.7170530594547
647.7099733288203
647.7029505251022
647.6959841610912
647.6886777685612
647.6814333924357
647.6739146287352
647.6664625911133
647.6590766481895
647.6517561746423
647.644500551159
647.6373091644881
647.6299357462107
647.6226297738374
647.615390587934
647.6082175357046
647.6018668800473
647.5955679992535
647.5893204413753
647.5831237585223
647.5776448946566
647.5732027660637
647.5682818133097
647.5633933050939
647.5582060534191
647.5530552961129
647.5479407575411
647.5422683929992
647.5375786360408
647.5325194878416
647.5274962162475
647.5225085476586
647.5175562106152
647.5123396977065
647.5071623421518
647.5020238274338
647.4969238396459
647.491662083306
647.4864412874101
647.4812611080536
647.4759068894637
647.4715836742163
647.4671890397844
647.4626816663827
647.4582056208931
647.4537606679903
647.4493465741259
647.4448284357876
647.4403425907784
647.435888789275
647.4314667834623
647.4270763274824
647.4227171774618
647.4182340805559
647.4137840544063
647.4093668344157
647.4049821581639
647.4003858449983
647.3958252461372
647.3913000601514
647.3866042439288
647.3819465083428
647.3773265175694
647.372743938845
647.3681984424261
647.3636897015934
647.3592173926207
647.3547811946894
647.3503807899449
647.3460158634343
647.3416861030862
647.337391199624
647.3331308466485
647.328791394121
647.3252437861264
647.3213689273649
647.317523000953
647.3136996834559
647.3105535054926
647.3072220355305
647.3038085962881
647.3004183390769
647.2970510913224
647.2933010960242
647.2895795982032
647.2858863601816
647.2821339382875
647.278410644787
647.2747162312601
647.2710504514966
647.2674130614638
647.263803819344
647.26022248541
647.256567634507
647.253584028157
647.2504188755553
647.2471867672539
647.243977797461
647.2407917834819
647.2376285440722
647.2344878995641
647.2313696716963
647.2281446762842
647.2249436218463
647.2217663118779
647.218612551588
647.2154821478684
647.2122808968618
647.2091040318243
647.2059513469919
647.2028226383777
647.1993476856095
647.1959022569671
647.1924860741692
647.1890988616116
647.1860588033649
647.1830420390772
647.1800483703482
647.1770776005234
647.1739473755434
647.1708425279188
647.1677628285493
647.1647080505528
647.1616779691581
647.1586723617719
647.1556910078626
647.1527336890438
647.1498001889643
647.1468902933376
647.1440037899478
647.1411404685628
647.1383001209289
647.1354825408096
647.1325845126324
647.1297105230685
647.1272033524161
647.1247144408235
647.1222436391862
647.1196297700824
647.117036131282
647.1143091203519
647.1116044294425
647.1089218532337
647.1062611884425
647.1036222337368
647.1010047897802
647.098408659094
647.0958336462088
647.093144519973
647.09047837522
647.0878349904259
647.0852141463051
647.082575574907
647.0804332362304
647.078306041777
647.0761938705037
647.0740966023678
647.0718373370089
647.0695953320964
647.06737043826
647.0651625075354
647.0629713932832
647.0607969502475
647.0586060928205
647.0564321238612
647.0542748955329
647.0521142873373
647.0499704364589
647.0478431950812
647.045937760097
647.044380191518
647.0426388739222
647.0409087864729
647.0391898466156
647.0374819724394
647.0357850827164
647.0340990968535
647.0323144122034
647.0305406052315
647.0287789157238
647.0270292490861
647.0252915115129
647.0235641414833
647.0218485352492
647.0201446010865
647.0183050671187
647.0164791085584
647.0146666106008
647.0128674594524
647.0110815423926
647.0093087477337
647.0075489647593
647.0058020837535
647.004163849878
647.0028688159236
647.0015391899944
647.0000917017004
646.9986531908971
646.9972235934845
646.9957541287857
646.9942940633456
646.9928385078734
646.9913922751921
646.989955296418
646.9884481917991
646.9869512454707
646.985464378364
646.9839875120496
646.9824489472136
646.9809212126231
646.9793863183656
646.9778623315656
646.9763078163185
646.9747646237813
646.973232658328
646.9717118252637
646.9701150336441
646.9685304844874
646.9669580688342
646.965397678754
646.9638492073402
646.9623125487379
646.9607875981116
646.9592742516222
646.9576526384866
646.9562113599931
646.9547806527744
646.9533604263953
646.9521116509899
646.9508709597693
646.9496382916191
646.9484135859055
646.9471967825025
646.9459878217704
646.9447866445671
646.9435931922527
646.9424074066438
646.9412040384449
646.9398894915057
646.9385843956031
646.9372886710788
646.9360022389707
646.9347250210201
646.9334569397042
646.9321348797885
646.9308227251412
646.9295203884461
646.9284511723264
646.9272604934512
646.9260780417789
646.9249037503096
646.9237774951794
646.9228470844031
646.9219013929433
646.9209607876033
646.920025482867
646.9190954434608
646.9181706343436
646.9171620591084
646.9161596910482
646.9151634849345
646.9141733959356
646.9131893795508
646.9122113916428
646.9112393884423
646.9102607115456
646.9092880877761
646.9083212349743
646.9073603497319
646.9064053882882
646.9054563072469
646.9044724227509
646.9034948426572
646.9024737661776
646.9014595502802
646.9004521400583
646.8994514811101
646.8984462034167
646.8974477216243
646.8964295343687
646.8954183949949
646.894414245249
646.8933717911477
646.8924710841746
646.8917415567793
646.8909860152182
646.8902233695851
646.8894648240332
646.888677258459
646.8878941029703
646.8869993935035
646.8861104260201
646.8852271563239
646.88434954057
646.8834775352869
646.8826066373871
646.8817413210761
646.8808815433642
646.8800272615694
646.879178433407
646.8782475565258
646.8774430773602
646.8766435116136
646.8757386377803
646.8748400397536
646.8739044079526
646.8731417092091
646.8723261030397
646.8716598023373
646.8708628996934
646.8700710167706
646.8692841153053
646.8685021573366
646.8677251052388
646.8669529216791
646.8660988003945
646.865250618735
646.8644083265597
646.8635718741682
646.8627412123676
646.8619162924241
646.8610298356407
646.8603727227483
646.8598481288683
646.8592532728907
646.858661435852
646.8580725990375
646.857433821226
646.8567985658523
646.856149214941
646.8555035353476
646.854861501697
646.8541767411717
646.8534961170859
646.8527748061225
646.8520581278748
646.851346045897
646.8506211457473
646.8499009947614
646.849185554797
646.8485465715702
646.8479113355323
646.8473304034338
646.8467525971079
646.8461770244229
646.8455804900418
646.8449791396409
646.8443811949285
646.8437866321408
646.8431954277088
646.8426075582732
646.8420230006037
646.8414417316912
646.840849951375
646.8402615706445
646.8396392109397
646.8390206441134
646.8388190381639
