550.0000001301087
550.0000001301121
550.0000001301136
550.0000001301162
550.000000130119
550.0000001301229
550.0000001301277
550.0000001301338
550.0000001301414
550.0000001301512
550.000000130163
550.0000001301779
550.0000001301638
550.0000001299893
550.0000001183319
550.0000001182126
550.0000001369815
550.0000001575607
550.000000148173
550.0000001480886
550.0000001480925
550.0000001433654
550.0000001401694
550.0000001471062
550.0000001457945
550.0000001280102
550.0000001324855
550.0000001316757
550.0000001272912
550.000000082134
550.0000000441189
550.0000000452538
550.0000000387549
550.0000000396686
550.0000000437699
550.0000000543688
550.0000000553273
550.0000000677542
550.0000000676924
550.0000000688636
550.0000000772633
550.0000000785184
550.0000000709224
550.0000000739186
550.0000000934654
550.000000109467
550.0000001141809
550.0000001249103
550.0000001396877
550.000000141629
550.0000001434134
550.0000001438726
550.0000001551043
550.0000001583642
550.0000001731124
550.0000001678598
550.0000001704728
550.0000001955119
550.000000211267
550.0000002182568
550.0000002283252
550.0000002424625
550.0000002622747
550.0000002743408
550.0000002805326
550.0000002908968
550.000000289564
550.0000002911501
550.000000312075
550.0000003262404
550.00000033308
550.0000003599201
550.0000003762606
550.0000003978612
550.0000004109927
550.0000004287169
550.0000004578673
550.00000047853
550.0000004879947
550.0000005229405
550.000000551031
550.0000005876756
550.000000629539
550.000000671089
550.000000708225
550.0000007482499
550.0000007960112
550.0000008330827
550.0000008853249
550.0000009549607
550.0000010222747
550.0000010949208
550.0000011740696
550.0000012508815
550.0000013411609
550.0000014384326
550.0000015359698
550.0000016356777
550.0000017617959
550.0000018977696
550.0000020426515
550.0000022002865
550.0000023672877
550.0000025567367
550.0000027586062
550.0000029731208
550.0000032116781
550.0000034662315
550.0000037372408
550.0000040388753
550.000004359682
550.000004717015
550.0000050984248
550.0000055040481
550.0000059558121
550.0000064371413
550.0000069839266
550.0000075688121
550.0000082673167
550.0000090180348
550.0000098232772
550.0000107060191
550.0000116523357
550.0000126656707
550.0000137496431
550.0000150125613
550.0000163677425
550.0000178204479
550.0000194432542
550.0000211835517
550.0000230476616
550.0000250988728
550.0000274216645
550.0000299144918
550.0000325862616
550.0000354463685
550.0000389933034
550.0000428189765
550.0000469561803
550.0000514065429
550.0000561871744
550.0000620939838
550.0000672151625
550.0000726915048
550.000078515979
550.000084704251
550.000089952195
550.0000943911384
550.0000994257323
550.000104669883
550.0001103656837
550.0001165581125
550.0001234482778
550.0001292948847
550.0001361514231
550.0001432899762
550.0001507187861
550.000159882117
550.0001694756442
550.0001795132567
550.0001900091344
550.0002009773611
550.0002124326046
550.0002264685824
550.0002412147614
550.0002566953693
550.0002729351291
550.0002899589556
550.0003077921806
550.0003231744585
550.0003391429342
550.0003558018765
550.0003731419057
550.0003911243133
550.0004119786913
550.0004297502529
550.0004481033561
550.0004670504082
550.0004866041022
550.0005067771336
550.0005276877862
550.0005492499636
550.000574059435
550.000599712438
550.0006262275091
550.0006536232455
550.0006819183541
550.0007111317876
550.0007428658341
550.0007756587594
550.0008095455935
550.0008464502453
550.0008759639619
550.0009062454061
550.0009379127821
550.0009704040847
550.0010038695859
550.001038192786
550.0010750412182
550.0011128594222
550.001152013903
550.0011921878299
550.0012341181499
550.0012677213176
550.0013020009342
550.0013369653088
550.0013746471064
550.0014131118842
550.0014523695758
550.0014945691345
550.0015376701223
550.0015816840939
550.0016266226207
550.0016724974017
550.0017193200101
550.0017750136504
550.0018217404426
550.0018744834885
550.001928340763
550.001983326164
550.002039453521
550.0020967367302
550.0021507026859
550.0021954782973
550.0022523207076
550.0023102309648
550.0023692206713
550.0024293014429
550.0024904849316
550.0025527826535
550.0026189884718
550.0026887591346
550.0027598695243
550.0028323342235
550.0029061677802
550.0029813847258
550.0030579996458
550.0031360271083
550.0032154815839
550.0032963776296
550.0033787297291
550.0034625524039
550.0035478600312
550.003634667153
550.0037355675148
550.0038384604128
550.0039433670715
550.0040503089144
550.0041593071762
550.0042703831019
550.0043876028253
550.0044859849608
550.0045859266125
550.0046874408692
550.0047905407857
550.0048952393969
550.0050046161601
550.0051157122883
550.0052285419431
550.0053431191438
550.005445907155
550.005550082369
550.0056586356262
550.0057686755704
550.0058809537214
550.0059984761807
550.0061176384502
550.0062384521633
550.0063609288403
550.0064850799585
550.0066109170119
550.006744284947
550.006879520956
550.0070166379904
550.0071556489686
550.0072965667518
550.0074394041334
550.0075845969478
550.0077317462174
550.007889573017
550.0080496190976
550.0082118993909
550.0083764288712
550.008543222334
550.0087122945985
550.0088836603423
550.0090573341874
550.0091900314782
550.0093240596897
550.0094734824717
550.0096245411884
550.0097772441018
550.0099355009295
550.0100659587584
550.0101975840705
550.0103303816104
550.0104643561268
550.0106129347344
550.0107629464308
550.0109212821358
550.0110811973616
550.0112426991816
550.0114057945817
550.0115704905464
550.0117367940019
550.0119047118613
550.012079296972
550.0122556082806
550.0124336532252
550.0126159389525
550.0128000218476
550.0129499188146
550.0130752898399
550.0132105943305
550.0133468391069
550.0134840269635
550.0136282227314
550.0137734520041
550.013919717897
550.0140704891369
550.0142223527488
550.0143781058616
550.0145349983482
550.0146982827489
550.0148660002326
550.0150349932254
550.0152052657268
550.0153788992836
550.0155538515438
550.015730126522
550.0159163068565
550.0161039493266
550.0162986462319
550.0164949024636
550.0166927229961
550.0168921127575
550.0170405109071
550.0171897711327
550.017353034562
550.0175173219106
550.0176870520489
550.0178578666909
550.0180297684786
550.0182157247016
550.0184029429188
550.0185914263956
550.0187869750289
550.0189838741255
550.0191821272251
550.0193817378149
550.0195922201881
550.019782823938
550.019974641203
550.0201751552196
550.0203769845646
550.0205801324134
550.0207846019025
550.0209903961619
550.021197518302
550.0214059714255
550.0216157585883
550.0218332383729
550.0220521400195
550.022272466821
550.0224942220549
550.0226898324936
550.0228865457314
550.0230915420607
550.0232977271663
550.0235051034393
550.0237136732466
550.0239234389394
550.024142579881
550.0243630160621
550.0245847500686
550.0248077844889
550.0250321218699
550.0252577647524
550.0255021681954
550.025705856417
550.0258873960036
550.0260697590968
550.0262529469162
550.0264369606789
550.0266218015912
550.0268162497655
550.0270116076591
550.0272078766401
550.0274123667114
550.0275812364757
550.0277709236655
550.0279614443014
550.0281527995406
550.0283449905276
550.0285380183993
550.0287089492504
550.0288805326735
550.0290672072007
550.0292546499277
550.0294428618221
550.0296318438446
550.029821596954
550.0300216726603
550.0302226006727
550.0304431364775
550.0306225437623
550.0308026214808
550.030983370377
550.0311790225782
550.0313754569428
550.0315839677884
550.0317972884799
550.0320115196726
550.0322266624931
550.0324137861635
550.0326015956025
550.0328056481247
550.0330105057875
550.033181306023
550.0333757120471
550.033529551872
550.0336933233493
550.0338621159636
550.0340314404707
550.0342012973362
550.0343843755059
550.0345680692359
550.0347523790937
550.0349150362927
550.0350781711718
550.0352562420841
550.0354348796229
550.0356140842722
550.0357956902137
550.0359778758619
550.0361606417126
550.036347313162
550.0365345870335
550.0367224638375
550.0369109440825
550.0371147784077
550.0373193150338
550.0375245545863
550.0377304976863
550.0379371449487
550.03814449699
550.0383525544177
550.0385399321758
550.0387278793247
550.0389163962968
550.0390815679904
550.0392471752629
550.0394132183956
550.0395796976745
550.0397491030998
550.0399189583445
550.0400892636982
550.0402314294273
550.0403820517239
550.0405330234245
550.0406843447289
550.040836015826
550.0409880369126
550.0411404081784
550.0412931298152
550.0414462020126
550.0415996249615
550.04175339885
550.0419075238625
550.0420620001908
550.0422168280171
550.042352595222
550.0424886318223
550.0426095621666
550.0427307047881
550.0428520597736
550.0429826634205
550.0431135123454
550.0432446066505
550.0433842634657
550.0435241979302
550.0436310995738
550.0437381628172
550.0438577421048
550.0439775224858
550.0440975040342
550.0442176868228
550.0443066014439
550.0443956259636
550.0444882805249
550.0445830146036
550.0446594158059
550.0447362248694
550.044800700453
550.044857260109
550.0449138636013
550.0449636901859
550.0450135506733
550.0450634451448
550.0451083167061
550.0451532158655
550.0451981422999
550.0452430962926
550.0452813195564
550.0453150364037
550.0453487685289
550.0453825161142
550.0454162794894
550.0454500525726
550.0454838465481
550.0455176561952
550.0455514811375
550.0455811230386
550.0456107767571
550.0456374227717
550.0456640783059
550.0456907433597
550.0457174179353
550.0457441020358
550.0457707956643
550.0457974988246
550.0458242115195
550.0458509337523
550.0458776655253
550.0459044068413
550.0459311577025
550.045957918111
550.0459846880685
550.0460114675769
550.0460382566375
550.0460650552518
550.0460918634209
550.0461186811463
550.0461455084288
550.0461723452695
550.0461991916698
550.04622604763
550.0462529131516
550.0462797882353
550.0463066794656
550.0463335802644
550.0463604906325
550.0463877252306
550.0464150872862
550.0464426167578
550.0464707072565
550.0464988974661
550.0465276396857
550.0465563927803
550.046585955434
550.046615529577
550.0466457007867
550.0466759281283
550.0467067630057
550.0467377522566
550.0467692926392
550.0468010558263
550.0468328322105
550.0468659414029
550.0468990649126
550.0469331609083
550.0469672834352
550.0470014211337
550.0470369262126
550.047072447691
550.0471079855705
550.0471444972001
550.0471810261288
550.0472192181508
550.0472574290684
550.0472967340614
550.0473360590321
550.0473754039821
550.0474147689138
550.0474556891671
550.0474969694461
550.0475382716595
550.047581151166
550.0476240542938
550.0476669810454
550.0477103009031
550.0477536447983
550.0478000448899
550.0478464725031
550.0478929276409
550.0479412285457
550.0479895591773
550.0480379195392
550.0480869309478
550.0481372071466
550.0481875154096
550.0482378557413
550.0482886411897
550.0483403809683
550.0483922898336
550.0484442326823
550.048496209519
550.0485502254305
550.0486042780094
550.0486583672608
550.048714573734
550.0487708197626
550.0488271053525
550.0488894834793
550.0489519101375
550.0490151397905
550.0490790223986
550.0491429556919
550.0492094780661
550.049276055243
550.0493426872307
550.0494119895828
550.0494813511473
550.0495507719337
550.0496202589256
550.0496898051713
550.0497646301876
550.0498395236963
550.0499144857084
550.0499895162365
550.0500701622781
550.050150887366
550.0502316915075
550.0503125748559
550.0503968393981
550.0504811894414
550.0505656253908
550.05065014705
550.0507347544252
550.0508226160723
550.0509105699575
550.0509986162383
550.0510868714096
550.0511752191787
550.0512681442557
550.0513611715874
550.0514543011487
550.0515475330579
550.05164210819
550.051736788395
550.0518315737115
550.051926464169
550.0520214597083
550.0521240797895
550.0522311356073
550.0523383246029
550.0524456464781
550.0525555116996
550.0526655160286
550.0527756594425
550.0528951175697
550.0530147389828
550.053134523728
550.0532544718563
550.0533752460101
550.0534690242097
550.0535662938277
550.0536777359664
550.053769323036
550.0538610044609
550.0539666430334
550.0540724065218
550.0541782948661
550.054284308125
550.0543904463965
550.0544967096454
550.0546030979405
550.0547174125676
550.0548318711409
550.054953728668
550.0550516851691
550.0551587676882
550.0552659756518
550.0553778449982
550.0554707342743
550.0555811193188
550.0556916363594
550.0558022854218
550.0559205927501
550.0560390506622
550.0561782156352
550.0562857658621
550.0563934396542
550.0565178823709
550.0566424896813
550.0567672617984
550.0568966391609
550.0570347709589
550.0571731037096
550.0573116374209
550.0574637506501
550.0576161052473
550.0577687018974
550.0579217100625
550.0580749606232
550.0582284536366
550.058382545368
550.0585368807914
550.0586914599678
550.0588462830611
550.0590013499258
550.0591566606632
550.0593337772065
550.059472913677
550.0596427158733
550.0598128070983
550.059989974463
550.0601674544793
550.0603452472272
550.0605233527441
550.0607017712123
550.0608805026179
550.0610870652976
550.0612940448186
550.0615024684699
550.0617113132072
550.0619205792055
550.0621302664582
550.0623403754456
550.0625615859553
550.0627832614764
550.0630054024928
550.0632280091492
550.0634510815747
550.0636746198754
550.0639032244231
550.0641323144317
550.0643618900245
550.0646336701863
550.0649061281276
550.0651097929697
550.0653138350727
550.0655200458848
550.0657266406573
550.0659336196154
550.066161593661
550.0663900321853
550.0666189352313
550.0668483029219
550.0670879223596
550.0673280470403
550.0675948950003
550.0678096381398
550.0680813575592
550.0683027014852
550.068528489621
550.0687547157962
550.0689813800016
550.0692084825237
550.0694583354933
550.069708716903
550.0699596268968
550.070257819275
550.0704934578155
550.0707425622501
550.0709921813169
550.0712423151217
550.0714929637445
550.0717453569001
550.0719982701327
550.0722753856827
550.0725531231126
550.0728314823994
550.0731104640604
550.073390067966
550.0736702941705
550.0739709800708
550.0742723794972
550.0745744926941
550.0748773195486
550.075204965799
550.0755334438433
550.0758627538407
550.0761928959843
550.0765238702921
550.0768556769756
550.0771966614001
550.0775385207086
550.0778948058829
550.0782520366923
550.0786548905247
550.0789750326605
550.0793022556747
550.0796554672019
550.08000958499
550.0803646091584
550.0807270183051
550.0810903673174
550.0814546562812
550.0818198854039
550.0821860546697
550.082571364822
550.082892076704
550.0832408039571
550.0835903717059
550.0839407801592
550.0842920292912
550.0846441191677
550.0850018939013
550.0853605327013
550.0857200354084
550.0860813853151
550.0864436041448
550.086806691992
550.0871706488609
550.0875440735955
550.087918408862
550.0883183435786
550.0886750951782
550.0890326657338
550.089419612469
550.0898075137351
550.0901987180367
550.0905676040862
550.090866207519
550.0911934394798
550.0915213386891
550.0918902195825
550.0922599413459
550.0926305041565
550.0930019079209
550.0933946580471
550.0938082417282
550.0942228582569
550.0946408821575
550.0950599506641
550.0955202097556
550.0958741964178
550.0963251164276
550.0966736307423
550.0970415398217
550.0974470089399
550.0978534283992
550.0982637210515
550.0986749777968
550.0990871986828
550.0995003834068
550.099932996153
550.1003666604583
550.1008248164225
550.1012841400308
550.1017446311922
550.1021555511513
550.1025673961926
550.1030552598629
550.1035444149927
550.1040348614293
550.1045889929895
550.1050100855181
550.1054492460313
550.1058894255876
550.1063307321881
550.106773058048
550.1072164029578
550.1076607669098
550.1081463201381
550.1086330837943
550.1091410316858
550.1096502905581
550.1101900480112
550.110731269704
550.1112739553839
550.111818104791
550.1123851624416
550.1129538002435
550.1135240177749
550.1140958146437
550.1146691904586
550.1152441448027
550.115863888918
550.1163802163354
550.1169263848759
550.1174739536435
550.1180229222771
550.1185918163917
550.1191622052164
550.1197646416161
550.1203687354683
550.1209744862344
550.1215883992116
550.1222040036183
550.1228673477696
550.1235326433184
550.1241998895276
550.1248690856426
550.1255402308908
550.1262133244992
550.126927968172
550.1276447933108
550.128363798944
550.1291425623949
550.129923865401
550.1307077067015
550.1314940849531
550.1322829988601
550.1330744470924
550.1338684282872
550.1346649411132
550.1354639841067
550.1361631197725
550.1368641789386
550.1376015517893
550.1383410385415
550.1390826380735
550.139826349233
550.1405721708564
550.1413388151002
550.1421076740589
550.142878746445
550.1436520309567
550.1444275262853
550.1452052310633
550.1459851439366
550.1468270518469
550.1476715144865
550.1485185301533
550.1493680970897
550.1502202135232
550.1510748776659
550.152021704254
550.1529716334695
550.1539246628273
550.1548807898197
550.1558537546725
550.1568299011293
550.1578092265084
550.1587934912416
550.1597809407698
550.1607715723385
550.1617653831325
550.1627623703033
550.1637625309842
550.1647658622869
550.1657723612994
550.1667820250772
550.1677948506895
550.1688108350924
550.1698299753248
550.1708522683011
550.1718777110408
550.1729161285966
550.1739577499425
550.1750025718543
550.1760825143738
550.1771658480915
550.1782525694092
550.1793426747112
550.1804766570009
550.1816142701325
550.1827555099889
550.1839003724226
550.1851072000167
550.1861033396647
550.1872022548505
550.1883044328135
550.1894098698532
550.190518562314
550.191513806128
550.1923380211497
550.193235030377
550.1941686476957
550.19510451758
550.1960426378141
550.1969830061759
550.1979256204348
550.1989182604322
550.1999133738386
550.2009109580304
550.2019110103811
550.2029135282459
550.2039185089648
550.2049259498742
550.2059387812882
550.206954081777
550.2079718486232
550.2089920790849
550.2100526317241
550.2111158275119
550.2121816633613
550.2132501361795
550.214420503009
550.2153918388041
550.2164130871201
550.2174366985096
550.2184665524803
550.2194987820301
550.2205333843535
550.2215703566802
550.2226350623977
550.2237022491933
550.2247719140805
550.2258440540623
550.2269186661321
550.2280811694886
550.2292465447609
550.2304147881308
550.2315858957709
550.2328447805628
550.2341184907546
550.2351707474566
550.2363173933242
550.2374667136811
550.2386187049602
550.239891501505
550.2411675335919
550.2424467964244
550.2437292851884
550.2450149950547
550.2463039211834
550.2475960587187
550.2488914027897
550.2501899485203
550.251491691016
550.2528157853087
550.2541431606206
550.2554738118005
550.2568077336828
550.2581449210886
550.259485368839
550.2608724666698
550.2622630272716
550.2635125354205
550.264764817627
550.266050832514
550.2673397509795
550.2686760332605
550.2700154123856
550.2713578833658
550.272703441198
550.2740520808743
550.2754333886176
550.276817903844
550.2782056211771
550.2795965352321
550.2809906406108
550.28244452572
550.2839018536324
550.2853626182418
550.2868268134243
550.2884466326993
550.290070614256
550.2916987498253
550.2933384911054
550.2948100635899
550.2962849766225
550.2978185880798
550.2993557814095
550.3008965498373
550.3025211052477
550.3041496009223
550.3058322514723
550.307519071069
550.3092100510104
550.3109051826051
550.3124180524865
550.3139342009474
550.3155238891868
550.3171171520785
550.3187139825646
550.3203143735607
550.3219183179709
550.3235734112219
550.3252322559522
550.3269052759932
550.32858207892
550.3301820408607
550.331498470779
550.3330261295025
550.3345568668814
550.3360906770238
550.3376275540307
550.3392100834982
550.3407958390102
550.3423935326912
550.3439944748974
550.3455986591007
550.3474229214636
550.3488636930414
550.3503610163388
550.3518611081445
550.3533639632253
550.3549063859233
550.3564516974512
550.3579998922022
550.3595509645605
550.361194731649
550.3628417053569
550.3644918790375
550.3661452460435
550.3678978843182
550.3696540813919
550.3714138293944
550.3732117104107
550.3750744219448
550.3769410526536
550.3788115933137
550.3806860347088
550.3825643676146
550.3844465828157
550.3863620420498
550.3882814861468
550.3902049054657
550.3921540763196
550.3941072928379
550.395613646617
550.3971223873322
550.3988840433079
550.4006489292192
550.4021916717074
550.4034694117213
550.4049083746761
550.4063648722268
550.4078235227935
550.40928432241
550.4108228409281
550.4123637270983
550.4140764870868
550.4157921509668
550.4175107125114
550.4192833275142
550.4210803621031
550.4225727063165
550.424240187498
550.4259103325971
550.4276873629648
550.429467386219
550.4312503956527
550.4330363845684
550.4348253462744
550.4368331324492
550.4388446322347
550.4408598362445
550.442878735104
550.4449013194508
550.4469275799288
550.4489575071959
550.4509910919185
550.4530283247764
550.4551014076083
550.4571782351873
550.4592587977816
550.461343085673
550.4635503870844
550.4657618289293
550.4679773997822
550.4701970882276
550.4724625968482
550.4747323549917
550.47700635065
550.4792845718393
550.4815670065976
550.4838536429794
550.4861444690673
550.4881507119716
550.4898179881458
550.4916600414786
550.493504753433
550.4954019797138
550.4973019970068
550.499204798772
550.5011103784722
550.503168564315
550.5052299653148
550.5072945733217
550.5095267895133
550.5113618403552
550.5133836438351
550.5154084644709
550.5174362947778
550.5195973865164
550.5217618686552
550.5239297322423
550.5261009683451
550.5282755680558
550.5304421187442
550.5321884203929
550.5341511828726
550.5357860490823
550.5375201849245
550.5392564024991
550.5409946974381
550.5427460756063
550.5445368187527
550.546329742007
550.5481280367422
550.5499285099186
550.5518035464191
550.5537337751475
550.5556664784444
550.5572420980197
550.5590560850535
550.5605521060573
550.5620495878687
550.5635485278826
550.5651536719313
550.5667604786382
550.5683689448356
550.5701851807363
550.5720035193619
550.5738239561997
550.5756464867419
550.5774711064951
550.5792978109776
550.5811265957182
550.58307029279
550.5850163239213
550.5869646838049
550.5889341942329
550.5909060677218
550.5928802988706
550.5948568822378
550.596841551786
550.5988285763857
550.6008179506359
550.6028096691465
550.6048037265437
550.6068001174718
550.6087988365898
550.6107998785695
550.6128032381047
550.6150093939623
550.6172183401048
550.6194300695333
550.6216445752784
550.6240459950119
550.6264506540788
550.6288585436872
550.6312696551638
550.6336839797946
550.6361015089191
550.6385391815309
550.6405271160093
550.642664962086
550.6448052712032
550.6469480375504
550.6490932553423
550.6513277488244
550.6535648831388
550.6558046518372
550.6580470484924
550.6603834005439
550.6627225844832
550.6646566333606
550.6668849163717
550.6691157401128
550.6713490985126
550.6735893245059
550.6758453331248
550.678103897974
550.6803650129389
550.6823833421007
550.6844036896896
550.686426051422
550.6886876898948
550.6905625440959
550.6927217290286
550.6948831761965
550.6970468805382
550.6993194124497
550.701594417655
550.7038718903876
550.7064161434146
550.7089634537849
550.7115138136006
550.7142105040027
550.7169105774974
550.7196140249243
550.7223208371747
550.7250310051908
550.7277886750536
550.7305497920125
550.7333143467228
550.7360823298908
550.7388537322847
550.7416285447183
550.7444067580745
550.7471883632761
550.7499733513046
550.7527617132052
550.7556272547789
550.7579443661926
550.7602637791883
550.7625894435304
550.7649174073105
550.7672476655652
550.7695802133638
550.7719150457924
550.7742521579735
550.7765915450501
550.7786865959578
550.7807834607164
550.7830605368232
550.7853397397279
550.7876210651051
550.7899045086489
550.792204799409
550.7945072270433
550.7968665139939
550.7992280313354
550.8015917744843
550.8039577388944
550.8065729250047
550.809190808059
550.811811382034
550.8144346409529
550.8170605788744
550.819414277329
550.8217701150081
550.824128087721
550.8264881913066
550.8288504216283
550.8312147745719
550.8336464169939
550.8360802917836
550.8385163945587
550.8409710135244
550.843452376012
550.8459360280538
550.8484219651635
550.8509799746853
550.8535403896772
550.8561032053584
550.8586684169841
550.8612712641929
550.8639100748952
550.8665513964497
550.8692240377289
550.8718992346329
550.8746184468031
550.8773402837865
550.8800647403333
550.8827918112377
550.8855214913281
550.8882537754715
550.890988658578
550.8937818740602
550.896577784776
550.8993798225789
550.9021845516786
550.904991966849
550.9078020629127
550.9106148347316
550.9134302772034
550.9162483852791
550.9190691539369
550.9218925782045
550.9247186531444
550.9276025315529
550.9304891547254
550.9333785175734
550.9362706150412
550.939191443576
550.9421150458428
550.9450414167787
550.9479705513669
550.9509024446345
550.953837091649
550.9567744875245
550.9598098746668
550.9628481811247
550.9658894016644
550.9680895493467
550.9702912147686
550.9728129989039
550.9753367661843
550.9778625137616
550.9805068519511
550.9831533509833
550.9858020076759
550.9885752447249
550.9913508362022
550.9941287785498
550.9969090682441
550.9996917017914
551.0024766757228
551.0052639866044
551.0080536310331
551.0105574972151
551.0130632352195
551.0156850541495
551.0183089138923
551.0209480091277
551.0235891603005
551.0262323647261
551.0290097493529
551.0317893913896
551.0346242514054
551.0374614492446
551.0404555173774
551.0434521774497
551.0464514258415
551.0494532589677
551.0524576732781
551.0555790413812
551.0587031829916
551.0618300942501
551.0649597713486
551.0680922105071
551.071406388636
551.074723644487
551.0780439737445
551.0813673721375
551.0838186537325
551.0862715983753
551.088726204412
551.0913308184583
551.0939372967613
551.0965980986043
551.0992902497223
551.1019843776788
551.1046804804103
551.1073785558733
551.1102122387176
551.1130480897713
551.1158861067323
551.1187262873268
551.1215686292988
551.1245089393516
551.127451553945
551.1305220497477
551.1335950453926
551.1366705381952
551.1390514579914
551.1414338694249
551.1439734475983
551.1465147156932
551.1490762094703
551.1516394149712
551.1543092637069
551.1569809638531
551.1596545138096
551.1623299119893
551.1650071568205
551.1678469009373
551.17068871614
551.1735326006092
551.176477207612
551.179424025865
551.1823730534043
551.1853242882929
551.1882777286065
551.1912333724426
551.194191217918
551.1972288810626
551.2002688588152
551.2033111492026
551.2063557502659
551.2094026600676
551.2124518766932
551.215192176393
551.2179343336226
551.220678347026
551.2234242152707
551.226453667612
551.2294853711271
551.2325193240756
551.2355737561686
551.238630461295
551.2417481350277
551.2449059458896
551.2480661697891
551.2512288048952
551.2543938493884
551.2575613014758
551.260731159375
551.2639034213261
551.2670780855805
551.2695266757319
551.2719766912685
551.2747435917382
551.2775123058052
551.2802977986611
551.2830851225378
551.285940859553
551.2888957293004
551.2918526475123
551.2948602513959
551.2978699689802
551.3008817989547
551.3038957400238
551.3069117908998
551.3102267426074
551.3129778985349
551.3157308017543
551.3182347856797
551.3203023286663
551.3224092877924
551.3247161468355
551.3270242248789
551.3293430575939
551.3316631183234
551.3341918296261
551.3367219968308
551.3392536192626
551.341786696247
551.3443912807018
551.3469973997773
551.3496050527556
551.3525785622679
551.3549410013323
551.3576005523972
551.3602616903535
551.3633026028158
551.3656715199711
551.3681597202593
551.3706493004534
551.3731402599732
551.3758580814706
551.3785775416549
551.381298639793
551.384171699853
551.3870465819937
551.3899232853678
551.3928018091374
551.3957266352264
551.3986533366186
551.401581912447
551.4045123618547
551.4074446839854
551.4103788779927
551.4133149430282
551.4162528782589
551.4192051762477
551.4221593586733
551.4251154247021
551.4280733735054
551.4310332042527
551.4339949161282
551.4369585083165
551.4401182430317
551.443280110491
551.4464441097248
551.4496102397636
551.4527784996496
551.4559488884247
551.4591214051354
551.4622960488388
551.4654728185856
551.4684718437461
551.4709532025328
551.4735250490668
551.4760982820153
551.4787846798323
551.4814725859443
551.4841868499564
551.4864086059166
551.4886313891025
551.4908551992105
551.4934073862166
551.4959609236139
551.4986257080665
551.5012919605267
551.5040374907134
551.5067845746513
551.5096165610603
551.5124501956424
551.5152854777905
551.5181224068907
551.5210688077669
551.5240169817193
551.5269669280743
551.5299368766977
551.5329086183062
551.5358821522132
551.538864719188
551.5418490858185
551.5445317268966
551.5472158194159
551.5499013628807
551.5525883567892
551.5554380037747
551.5582892791673
551.5611421823779
551.5640061177885
551.5668716905719
551.5697389001372
551.5726077458932
551.5754962318553
551.5783863733893
551.5812781698943
551.5841716207706
551.587066725413
551.5899634832223
551.5928618935973
551.5957619559371
551.5986636696399
551.6015670341058
551.6044720487357
551.6073787129211
551.610287026068
551.6133765778733
551.6164679869872
551.6195825867926
551.6226990681429
551.6258174302997
551.6289376725277
551.6322593915777
551.6355832369649
551.6385750556068
551.6415685935342
551.6449410238151
551.6483156317312
551.6516924163525
551.6550713767493
551.6584662950514
551.6618634050142
551.665304163419
551.6683504989898
551.6713985903186
551.6745019196887
551.6776097138359
551.6807193267899
551.6838992301233
551.6870810316375
551.6902647305494
551.6936141041331
551.6969655733905
551.7003191374134
551.7036747952849
551.707272266683
551.7108721392879
551.7144744119649
551.7180790835814
551.7216861529909
551.7252956190563
551.7289074806271
551.7325217365511
551.7357245394122
551.7385496086312
551.7413761354135
551.7443196454892
551.7472647333849
551.7502113984748
551.7531748655495
551.7561399248634
551.7591065757783
551.762105072997
551.7651051930899
551.7682735623077
551.771443737982
551.7746157193212
551.7777895055306
551.780405407009
551.7834639282104
551.7865241200617
551.7895859818445
551.7926495128385
551.7957147123193
551.7987815795602
551.8018501138346
551.8049791077523
551.8081098316056
551.8112422846204
551.8146535908855
551.8174496048699
551.820246991575
551.8230457504415
551.8260192808477
551.828994357265
551.831999606923
551.835006431076
551.8380148290216
551.8411877288153
551.8443623757289
551.8475387689327
551.8507169075953
551.8538967908742
551.8570784179329
551.8602617879271
551.8634469000083
551.8668086502666
551.8701723370654
551.8735379594071
551.8769055162782
551.880275006665
551.8836464295491
551.8870197839116
551.8903950687254
551.8937722829622
551.8967480343354
551.8997252805613
551.902882632379
551.9060416619927
551.9092023685497
551.9123647511913
551.9155288090603
551.9188430789088
551.9221591828904
551.9254771200071
551.9287968892581
551.9321184896371
551.9354617148559
551.9389729834418
551.9424862902077
551.9460016339528
551.9495915479635
551.9531835812577
551.9567777325389
551.9603740005039
551.9634975388456
551.9666226703794
551.9697493942383
551.9729625782421
551.9761816036652
551.9794023105103
551.9826246978319
551.9858664650299
551.9891099292581
551.9923550895483
551.9952793911971
551.997715309961
552.0004964285639
552.003278786971
552.0061660808893
552.0092013129555
552.0122380153778
552.0152761873393
552.0183158280258
552.0214702755802
552.0246263015476
552.0278981361009
552.0311716632904
552.0344468820846
552.0377237914485
552.0410023903456
552.0444532130049
552.0473026518096
552.0503111730644
552.0533211093831
552.0563324599538
552.0596930607591
552.0624474647663
552.0654063706788
552.0683666349892
552.0717131137942
552.0750613247529
552.0784132555423
552.0817669182669
552.0851223117838
552.0884794349495
552.091868465794
552.0953030396342
552.0989217440446
552.1018414348009
552.1047624240641
552.1078616873564
552.1109624093835
552.114064589222
552.1171682259568
552.1202733186624
552.1234370981883
552.126602385872
552.1297691807293
552.132937481774
552.1363351404163
552.1397345271466
552.1426139727087
