0.0
815.7136725312882
1175.194027147149
1740.7379895530948
2346.755906835245
3118.5923088782192
3963.210648490068
4975.570951709056
6157.394826835996
7534.054847296146
9150.917481423683
11132.25844518083
13362.356037834446
16067.38067513783
19264.662965752403
23011.29252692442
27374.97739254006
32636.539014089773
38790.54960895087
45934.62023571851
54434.52570910728
64285.3377427996
75653.8812022718
89351.55900112313
105186.07395806929
123360.6283521952
145908.33551901364
171752.14633102738
202176.2738461825
237243.3456141105
277422.90397891175
323414.69793131127
378735.9885972399
440582.3730598066
513028.54402900464
591902.7735457238
681875.7871708327
780911.8124480802
901393.4267566389
1.0396822648744717e6
1.194420441700502e6
1.3730774857937323e6
1.5815135216558895e6
1.8119546690042543e6
2.0824501208984775e6
2.3722270311497194e6
2.6837559195468454e6
3.0342120074804765e6
3.451380718792855e6
3.87868668107154e6
4.391432364584472e6
4.905895852646206e6
5.478840194609512e6
6.0711807263978645e6
6.837326985378276e6
7.603473244358687e6
8.44951258487672e6
9.40267947294855e6
1.0494087130818838e7
1.1585494788689127e7
1.2707086416134551e7
1.411298082712286e7
1.5518875238111168e7
1.7038896482003182e7
1.8851867047264222e7
2.0664837612525262e7
2.2703114377710007e7
2.4814222438098494e7
2.7084328737048052e7
2.9646978440907072e7
3.2209628144766092e7
3.482260893296056e7
3.745000365607318e7
4.030930576312721e7
4.328895543379396e7
4.6268605104460716e7
4.992167501839578e7
5.357622382709505e7
5.723077263579431e7
6.1035461580442205e7
6.48401505250901e7
6.876179421182919e7
7.283066904346e7
7.689954387509081e7
8.138133002455819e7
8.586311617402557e7
9.034490232349294e7
9.482668847296032e7
9.951956678038302e7
1.0478450526481901e8
1.10049443749255e8
1.1566184988398577e8
1.2127425601871654e8
1.2688666215344732e8
1.3347128537828971e8
1.400559086031321e8
1.466405318279745e8
1.532868557800449e8
1.6087911905776897e8
1.6847138233549303e8
1.7638992002281746e8
1.843084577101419e8
1.93148449146867e8
2.0198844058359212e8
2.1140293961433595e8
2.208174386450798e8
2.3149807803732774e8
2.4217871742957568e8
2.5285935682182363e8
2.6395979236821932e8
2.7575618446909815e8
2.8763076705816156e8
2.9950534964722496e8
3.1137993223628837e8
3.23510762142224e8
3.3564159204815966e8
3.477724219540953e8
3.616730288342708e8
3.7299483785872376e8
3.862543304168439e8
3.99513822974964e8
4.130346986733476e8
4.2655557437173116e8
4.4007645007011473e8
4.551190832874307e8
4.701617165047467e8
4.858553389100798e8
5.0350160532585347e8
5.2114787174162716e8
5.387941381574008e8
5.564404045731746e8
5.740866709889483e8
5.917329374047221e8
6.093792038204958e8
6.279038629043489e8
6.464285219882019e8
6.66067657859766e8
6.857067937313302e8
7.053459296028943e8
7.249850654744585e8
7.446242013460226e8
7.642633372175868e8
7.879342758561113e8
8.116052144946358e8
8.377957252559314e8
8.586864496020607e8
8.7957717394819e8
9.054259423939996e8
9.255479650813239e8
9.460239300436267e8
9.664998950059295e8
9.875763448496531e8
1.0086527946933768e9
1.0297487869002306e9
1.0508447791070845e9
1.0719407713139384e9
1.0945580539632566e9
1.1177650336989653e9
1.140972013434674e9
1.1659250955354912e9
1.1908781776363084e9
1.2107164794509394e9
1.2315930634060385e9
1.2530470899915895e9
1.2748312929650283e9
1.296615495938467e9
1.320016958514153e9
1.343418421089839e9
1.3669100395950904e9
1.3904016581003418e9
1.4138932766055932e9
1.439106527669739e9
1.4660631952700272e9
1.4930198628703153e9
1.517375708957509e9
1.5373126570604372e9
1.557988765978618e9
1.579255277520521e9
1.600521789062424e9
1.6222974129443665e9
1.6445341462740853e9
1.666770879603804e9
1.689007612933523e9
1.7121218314990544e9
1.7371757220695226e9
1.7576215099807615e9
1.7788168065442204e9
1.8024545329796004e9
1.8260922594149804e9
1.8497299858503604e9
1.8746824293551922e9
1.900602975348936e9
1.92652352134268e9
1.9524440673364239e9
1.9788842377465327e9
2.0053244081566415e9
2.0359308257157087e9
2.0605746328481588e9
2.085218439980609e9
2.1101373676893024e9
2.135056295397996e9
2.162494492559292e9
2.1899326897205877e9
2.2173708868818836e9
2.2448090840431795e9
2.2731512195661106e9
2.3014933550890417e9
2.33007644198315e9
2.3586595288772583e9
2.387813197430276e9
2.4169668659832935e9
2.446120534536311e9
2.4738021194513645e9
2.496180236923957e9
2.518558354396549e9
2.5418086169672704e9
2.5666115447529645e9
2.5915432964330697e9
2.616475048113175e9
2.64140679979328e9
2.6675597220684376e9
2.693712644343595e9
2.7198655666187525e9
2.74601848889391e9
2.7721714111690674e9
2.798324333444225e9
2.8244772557193823e9
2.8506301779945397e9
2.877470673687386e9
2.9043111693802323e9
2.9313002216422205e9
2.9595524752858562e9
2.987804728929492e9
3.0155688501237335e9
3.0368432896069655e9
3.061502059965862e9
3.086160830324758e9
3.111884160891977e9
3.1376074914591956e9
3.1633308220264144e9
3.1896428798646803e9
3.216165006557412e9
3.239653911561976e9
3.26314281656654e9
3.289346142414445e9
3.31554946826235e9
3.3417527941102552e9
3.3684656217919784e9
3.3951784494737015e9
3.4218912771554246e9
3.4492933955992045e9
3.471865111451732e9
3.4950550350257206e9
3.518244958599709e9
3.5414348821736975e9
3.564624805747686e9
3.5878147293216743e9
3.611004652895663e9
3.634194576469651e9
3.6573845000436397e9
3.6809431077084613e9
3.704501715373283e9
3.7280603230381045e9
3.751930691182135e9
3.7716539610540075e9
3.793833533778445e9
3.8164062409184227e9
3.8389789480584006e9
3.8615516551983786e9
3.8843169800021477e9
3.907082304805917e9
3.929847629609686e9
3.952612954413455e9
3.975378279217224e9
3.998143604020993e9
4.0222274188111043e9
4.0463112336012154e9
4.0704520708557982e9
4.094592908110381e9
4.118733745364964e9
4.1429282195337534e9
4.167122693702543e9
4.191317167871332e9
4.2155116420401216e9
4.240302080971103e9
4.265092519902085e9
4.2898829588330665e9
4.314673397764048e9
4.339463836695029e9
4.364254275626011e9
4.389044714556993e9
4.414144785756638e9
4.439244856956283e9
4.464912231050002e9
4.490579605143722e9
4.516246979237441e9
4.541914353331161e9
4.56758172742488e9
4.5932491015185995e9
4.613150494902642e9
4.633051888286685e9
4.654317039499773e9
4.675582190712861e9
4.696847341925949e9
4.718402936451795e9
4.73995853097764e9
4.761514125503486e9
4.783069720029331e9
4.804625314555177e9
4.826180909081022e9
4.848317047960399e9
4.870453186839775e9
4.8925893257191515e9
4.914725464598528e9
4.936861603477904e9
4.958997742357281e9
4.981133881236657e9
5.003270020116034e9
5.02540615899541e9
5.047542297874786e9
5.069678436754163e9
5.091814575633539e9
5.113950714512916e9
5.130374870550358e9
5.1467990265878e9
5.164233953115928e9
5.181668879644055e9
5.199103806172183e9
5.216538732700311e9
5.23549711116471e9
5.254455489629109e9
5.2746086544045725e9
5.2908181211043415e9
5.307027587804111e9
5.32323705450388e9
5.339446521203649e9
5.355676211936481e9
5.371905902669314e9
5.388135593402147e9
5.40436528413498e9
5.420594974867813e9
5.436824665600646e9
5.454458771283105e9
5.472092876965564e9
5.489726982648023e9
5.507486874973011e9
5.525364261090676e9
5.543241647208342e9
5.561119033326007e9
5.579416256799383e9
5.5944465460620775e9
5.610244108571351e9
5.626041671080625e9
5.641839233589898e9
5.657947836988815e9
5.6740564403877325e9
5.69016504378665e9
5.707081239298424e9
5.723997434810198e9
5.741479181301455e9
5.758960927792711e9
5.77425510469267e9
5.7895492815926285e9
5.805205990397475e9
5.821917141605876e9
5.838628292814277e9
5.855455484179631e9
5.872282675544986e9
5.88910986691034e9
5.905937058275695e9
5.920888329452207e9
5.935839600628718e9
5.953140083829169e9
5.966917958690442e9
5.980756619326294e9
5.994595279962146e9
6.008433940597998e9
6.02286159021594e9
6.037596484632138e9
6.052331379048336e9
6.067066273464534e9
6.081801167880732e9
6.0967483282050705e9
6.111695488529409e9
6.126642648853748e9
6.141589809178087e9
6.156549083874526e9
6.171508358570965e9
6.186467633267404e9
6.202192608052488e9
6.217917582837573e9
6.229552863675143e9
6.241188144512713e9
6.252927986539146e9
6.264872076879305e9
6.276816167219463e9
6.288760257559622e9
6.30070434789978e9
6.312648438239939e9
6.325320743555449e9
6.337993048870958e9
6.350665354186468e9
6.363337659501978e9
6.376009964817488e9
6.3886822701329975e9
6.39867170061312e9
6.406906626857846e9
6.415897056695598e9
6.424887486533349e9
6.434339246624065e9
6.443791006714782e9
6.454602360735295e9
6.463101208091463e9
6.473915215708882e9
6.484729223326302e9
6.49432212903724e9
6.5039150347481785e9
6.513507940459117e9
6.523414591717897e9
6.533321242976678e9
6.543227894235458e9
6.553134545494239e9
6.563487512157465e9
6.572464608031956e9
6.579914062259167e9
6.588158655851537e9
6.596403249443907e9
6.604647843036277e9
6.612933229227923e9
6.62121861541957e9
6.629504001611217e9
6.63825878428727e9
6.647013566963323e9
6.655768349639376e9
6.664523132315429e9
6.673277914991482e9
6.682032697667535e9
6.690787480343588e9
6.6986285673643675e9
6.706469654385147e9
6.713505716446987e9
6.720541778508827e9
6.726833392091529e9
6.733125005674231e9
6.738762593288639e9
6.744400180903048e9
6.750037768517456e9
6.755049079996118e9
6.760060391474779e9
6.764557161808746e9
6.769053932142714e9
6.773550702476681e9
6.777548005608296e9
6.781545308739912e9
6.785542611871528e9
6.789121967907502e9
6.792701323943477e9
6.796280679979451e9
6.799860036015426e9
6.8034393920514e9
6.807018748087375e9
6.810598104123349e9
6.813462545366071e9
6.815886973547693e9
6.818019378248607e9
6.82015178294952e9
6.821975655238371e9
6.823799527527222e9
6.825387125052317e9
6.826974722577412e9
6.828395598903954e9
6.829816475230495e9
6.831237351557037e9
6.832511950091629e9
6.833786548626221e9
6.835061147160812e9
6.836335745695404e9
6.837610344229996e9
6.838884942764587e9
6.840159541299179e9
6.841434139833771e9
6.842708738368362e9
6.843800133045509e9
6.844891527722656e9
6.845836244535091e9
6.846780961347527e9
6.847725678159962e9
6.848575193943367e9
6.849424709726772e9
6.850274225510178e9
6.851123741293583e9
6.851973257076988e9
6.852822772860394e9
6.853672288643799e9
6.854530352873258e9
6.8554779778563385e9
6.856425602839419e9
6.857259250968542e9
6.858092899097665e9
6.858840237021849e9
6.859587574946033e9
6.860334912870216e9
6.8610822507944e9
6.861829588718584e9
6.862576926642768e9
6.863324264566952e9
6.864071602491136e9
6.864818940415319e9
6.865566278339503e9
6.866313616263687e9
6.867060954187871e9
6.867808292112055e9
6.868555630036239e9
6.8693029679604225e9
6.870050305884606e9
6.87079764380879e9
6.871544981732974e9
6.872292319657158e9
6.873039657581342e9
6.873786995505526e9
6.874534333429709e9
6.875281671353893e9
6.876029009278077e9
6.876776347202261e9
6.877523685126445e9
6.878271023050629e9
6.8790183609748125e9
6.879765698898996e9
6.88051303682318e9
6.881260374747364e9
6.882007712671548e9
6.882755050595732e9
6.883502388519916e9
6.884249726444099e9
6.884997064368283e9
6.885744402292467e9
6.886491740216651e9
6.887239078140835e9
6.887986416065019e9
6.8887337539892025e9
6.889481091913386e9
6.89022842983757e9
6.890977055152517e9
6.891727280773291e9
6.892484662245147e9
6.893246964883505e9
6.894018911239987e9
6.894803650889281e9
6.895599749228454e9
6.896412012766652e9
6.897239064196968e9
6.89808373192789e9
6.898945204483343e9
6.899827681374281e9
6.90072660215143e9
6.901641611362923e9
6.902564969914092e9
6.903489789256888e9
6.904414608599685e9
6.905339427942481e9
6.906264247285277e9
6.907189066628074e9
6.90811388597087e9
6.909038705313666e9
6.909963524656463e9
6.910888343999259e9
6.911813163342055e9
6.912737982684852e9
6.913662802027648e9
6.914587621370444e9
6.915512440713241e9
6.916437260056037e9
6.917362079398833e9
6.91828689874163e9
6.919211718084426e9
6.920136537427222e9
6.921063869664145e9
6.921996247855254e9
6.922933080791017e9
6.923879221932262e9
6.92483635870424e9
6.925804580952766e9
6.926783743124045e9
6.927780567398048e9
6.928787718235727e9
6.92981187739933e9
6.930857189110946e9
6.931916183177906e9
6.9329890553144045e9
6.934083765445287e9
6.935200968451941e9
6.936318171458594e9
6.937450410323054e9
6.938593115799802e9
6.939747025186116e9
6.940914554663084e9
6.9421223314775505e9
6.943330108292017e9
6.944577250520208e9
6.9458243927484e9
6.94708293406981e9
6.948384107103442e9
6.949685280137074e9
6.951016533748718e9
6.952347787360362e9
6.953704217756874e9
6.955060648153386e9
6.956417078549898e9
6.95777350894641e9
6.959129939342922e9
6.960486369739434e9
6.961842800135946e9
6.963199230532458e9
6.96455566092897e9
6.965912091325482e9
6.967268521721994e9
6.968624952118506e9
6.969981382515018e9
6.9713378129115305e9
6.972694243308043e9
6.974050673704555e9
6.975407104101067e9
6.976763534497579e9
6.978124049686232e9
6.979495062947494e9
6.980876241881851e9
6.982271984413841e9
6.983678963050102e9
6.98511096424842e9
6.986564581510899e9
6.988035744141646e9
6.989540549380515e9
6.991067448859115e9
6.992594348337714e9
6.994175281220892e9
6.995769815740706e9
6.997364350260521e9
6.999024575514544e9
7.000684800768566e9
7.002345026022589e9
7.004028058422954e9
7.005773821416277e9
7.0075195844096e9
7.009293344752769e9
7.011067105095939e9
7.012921242221379e9
7.01477537934682e9
7.016671005411534e9
7.018592995056501e9
7.020549437517494e9
7.022537717724296e9
7.024525997931097e9
7.026514278137898e9
7.0285025583447e9
7.030490838551501e9
7.032479118758303e9
7.034467398965104e9
7.0364556791719055e9
7.038443959378707e9
7.040432239585508e9
7.04242051979231e9
7.044408799999111e9
7.046397080205913e9
7.048385360412714e9
7.050373640619515e9
7.052361920826317e9
7.0543525937726145e9
7.056344777559884e9
7.058336961347154e9
7.060348048330064e9
7.06238283351043e9
7.064429697668666e9
7.06650970569942e9
7.068609420250609e9
7.070710819390603e9
7.072881978020424e9
7.075053136650245e9
7.077224295280066e9
7.079487781736765e9
7.081751268193464e9
7.084068563246958e9
7.086385858300451e9
7.088703153353945e9
7.091020448407438e9
7.093434795458441e9
7.095856999544892e9
7.098279203631344e9
7.10073223836371e9
7.1032601870509405e9
7.105922436860806e9
7.10859800658184e9
7.111357414255574e9
7.114116821929309e9
7.116876229603044e9
7.119635637276778e9
7.122406862268603e9
7.125178087260428e9
7.127949312252254e9
7.130739835296849e9
7.133530358341445e9
7.136320881386041e9
7.139111404430636e9
7.141901927475232e9
7.144692450519828e9
7.147493566381377e9
7.150294682242927e9
7.153095798104476e9
7.155909736283134e9
7.158723674461793e9
7.161553483700782e9
7.164416900049163e9
7.167280316397544e9
7.1701610344324045e9
7.173099226140494e9
7.176037417848584e9
7.179020349759331e9
7.182015910946584e9
7.185038060932246e9
7.188060210917909e9
7.1911413114402e9
7.194222411962491e9
7.197341163077174e9
7.200459914191857e9
7.203710625335164e9
7.207048470433172e9
7.210489306438721e9
7.213930142444269e9
7.217453571816856e9
7.220977001189444e9
7.224500430562031e9
7.228023859934618e9
7.231547289307205e9
7.235347662519935e9
7.239148035732664e9
7.242949972219103e9
7.246751908705542e9
7.250622365654785e9
7.254492822604029e9
7.258363279553272e9
7.262233736502516e9
7.266197559242038e9
7.27016138198156e9
7.274125204721082e9
7.278089027460604e9
7.282052850200126e9
7.286141605327483e9
7.290230360454841e9
7.294319115582198e9
7.298470594958805e9
7.302622074335412e9
7.3068652074821825e9
7.311108340628953e9
7.315469921137715e9
7.319831501646478e9
7.32419308215524e9
7.328554662664002e9
7.332916243172765e9
7.337326340722318e9
7.341736438271871e9
7.346446396150203e9
7.351156354028535e9
7.355904967795053e9
7.360804956612733e9
7.365704945430413e9
7.370657312694918e9
7.375609679959422e9
7.380562047223927e9
7.385893690319471e9
7.391225333415016e9
7.396556976510561e9
7.401996877060814e9
7.407436777611067e9
7.41287667816132e9
7.418453498323784e9
7.424030318486248e9
7.429607138648712e9
7.435183958811176e9
7.440980012169558e9
7.446776065527939e9
7.452651079470927e9
7.458526093413916e9
7.464401107356904e9
7.470363322990975e9
7.476325538625047e9
7.482287754259118e9
7.488249969893189e9
7.494212185527261e9
7.500174401161332e9
7.506370113562872e9
7.512565825964412e9
7.518761538365952e9
7.524957250767491e9
7.531152963169031e9
7.537348675570571e9
7.543973102392205e9
7.55059752921384e9
7.557279864327369e9
7.563962199440898e9
7.570644534554427e9
7.57749805073437e9
7.584351566914313e9
7.591443734360717e9
7.59853590180712e9
7.605628069253524e9
7.612720236699927e9
7.619835467522745e9
7.6271320025635605e9
7.634428537604376e9
7.641725072645191e9
7.649021607686007e9
7.656318142726822e9
7.663614677767637e9
7.670911212808453e9
7.678535723986477e9
7.686160235164501e9
7.694051573928007e9
7.7019966350574e9
7.709941696186792e9
7.718603655523438e9
7.727265614860085e9
7.735927574196731e9
7.744589533533377e9
7.753251492870023e9
7.762466170411165e9
7.771680847952308e9
7.781049235132572e9
7.790417622312837e9
7.800286841581429e9
7.81015606085002e9
7.820025280118612e9
7.830111856260197e9
7.840198432401781e9
7.8502850085433655e9
7.860434251364265e9
7.870583494185165e9
7.881012413090637e9
7.891441331996109e9
7.901870250901581e9
7.912299169807053e9
7.922728088712524e9
7.93368387886959e9
7.944639669026655e9
7.955595459183721e9
7.966858877726961e9
7.978122296270202e9
7.989385714813442e9
8.000649133356683e9
8.011912551899923e9
8.023222539614889e9
8.035060581980146e9
8.046898624345404e9
8.059031215558574e9
8.068797370733554e9
8.079120461222075e9
8.089443551710597e9
8.099766642199119e9
8.11008973268764e9
8.120628495510929e9
8.131759488063923e9
8.142975847665971e9
8.154697176785247e9
8.166418505904523e9
8.178139835023799e9
8.189861164143075e9
8.201582493262351e9
8.213303822381627e9
8.225025151500903e9
8.236746480620179e9
8.249625813524564e9
8.2600352217590275e9
8.271371846697553e9
8.282708471636078e9
8.294142266563383e9
8.305576061490688e9
8.317009856417994e9
8.328443651345299e9
8.340814602700061e9
8.353185554054823e9
8.365556505409585e9
8.379518344974879e9
8.393480184540174e9
8.407442024105468e9
8.421480172537698e9
8.435518320969928e9
8.450374312562591e9
8.465230304155253e9
8.480600064735285e9
8.495969825315316e9
8.511339585895348e9
8.526709346475379e9
8.54207910705541e9
8.557448867635442e9
8.572818628215473e9
8.588188388795505e9
8.603558149375536e9
8.618927909955566e9
8.634297670535597e9
8.649915485714115e9
8.665533300892633e9
8.681151116071152e9
8.698201413969093e9
8.715251711867035e9
8.732302009764977e9
8.749352307662918e9
8.76640260556086e9
8.784493882354689e9
8.802585159148518e9
8.820676435942347e9
8.838767712736176e9
8.856998015174368e9
8.87522831761256e9
8.89377390191258e9
8.9123194862126e9
8.93086507051262e9
8.949410654812641e9
8.968077595251059e9
8.986744535689476e9
9.005411476127893e9
9.025084415280659e9
9.041115440553942e9
9.059296582588097e9
9.077477724622252e9
9.095658866656406e9
9.11581621063124e9
9.135973554606075e9
9.15613089858091e9
9.176288242555744e9
9.196445586530579e9
9.216602930505413e9
9.238117434021454e9
9.259631937537495e9
9.281146441053535e9
9.30307973429706e9
9.325013027540585e9
9.34694632078411e9
9.368879614027634e9
9.390812907271158e9
9.414262751814878e9
9.437712596358599e9
9.458083913896185e9
9.474768974423332e9
9.493521904014694e9
9.512291686812582e9
9.53106146961047e9
9.550455959891218e9
9.570742872491985e9
9.591029785092752e9
9.61131669769352e9
9.631603610294287e9
9.651890522895054e9
9.67449854041349e9
9.697106557931927e9
9.719714575450363e9
9.7423225929688e9
9.764930610487236e9
9.787538628005672e9
9.810304260268072e9
9.833069892530472e9
9.856806232339748e9
9.880542572149025e9
9.904278911958302e9
9.928015251767578e9
9.952132449010994e9
9.97624964625441e9
1.000068164800357e10
1.0025113649752731e10
1.0049545651501892e10
1.0073977653251053e10
1.0098409655000214e10
1.0122841656749374e10
1.0148356249836992e10
1.017565297731881e10
1.019668403594967e10
1.0218657502706625e10
1.024063096946358e10
1.0265357090004637e10
1.0288145953766571e10
1.0305550282303465e10
1.0325718661214878e10
1.0345887040126291e10
1.0366055419037704e10
1.0386223797949118e10
1.040639217686053e10
1.0426560555771944e10
1.0446728934683357e10
1.046689731359477e10
1.048853181430914e10
1.0510166315023508e10
1.0532150182556103e10
1.0554134050088697e10
1.0576117917621292e10
1.0600080873951141e10
1.062404383028099e10
1.064800678661084e10
1.067196974294069e10
1.0697379188097534e10
1.072278863325438e10
1.0749190020682133e10
1.0775591408109886e10
1.080199279553764e10
1.0828394182965393e10
1.0854795570393147e10
1.08811969578209e10
1.0907598345248653e10
1.0934095535848087e10
1.0960592726447521e10
1.0987089917046955e10
1.1014749374846094e10
1.104246450209181e10
1.1070179629337526e10
1.1097894756583242e10
1.1125609883828959e10
1.1153883157847448e10
1.1182156431865938e10
1.1210429705884428e10
1.1238702979902918e10
1.1266976253921408e10
1.1295249527939898e10
1.1323522801958387e10
1.1351796075976877e10
1.1380069349995367e10
1.1408342624013857e10
1.1438177109892483e10
1.1464247433630312e10
1.1485804497958035e10
1.1509208851734144e10
1.1532613205510254e10
1.1556017559286364e10
1.1579421913062473e10
1.1602884015065996e10
1.1626346117069519e10
1.1649808219073042e10
1.1676018209553522e10
1.1702228200034002e10
1.1729668489421057e10
1.1758778077328468e10
1.1782406203179932e10
1.1809105441573254e10
1.1831349468949091e10
1.1855000440430174e10
1.1878651411911257e10
1.1903394653042973e10
1.1928677880599686e10
1.1953961108156399e10
1.1979244335713112e10
1.2005774360685425e10
1.2032304385657738e10
1.2059543765906418e10
1.2086783146155098e10
1.2117219835045214e10
1.214765652393533e10
1.2178093212825445e10
1.220852990171556e10
1.2238966590605677e10
1.2269403279495792e10
1.2299839968385908e10
1.2330276657276024e10
1.236071334616614e10
1.2391607823990828e10
1.2422502301815516e10
1.2453396779640203e10
1.2487667305648653e10
1.2521937831657103e10
1.2556208357665552e10
1.259082571105849e10
1.262544306445143e10
1.2660293809044456e10
1.2695144553637484e10
1.272999529823051e10
1.2764846042823538e10
1.2799696787416565e10
1.2834547532009592e10
1.2870642177769129e10
1.2906736823528666e10
1.2942831469288202e10
1.2978926115047739e10
1.3015020760807276e10
1.3051154950307837e10
1.3087289139808397e10
1.3123423329308958e10
1.3160616901704111e10
1.3193079489835205e10
1.32255420779663e10
1.3258004666097393e10
1.3290467254228487e10
1.3322929842359581e10
1.3355392430490675e10
1.3387855018621769e10
1.3420317606752863e10
1.3453768991764751e10
1.348722037677664e10
1.3521515212824347e10
1.3555810048872053e10
1.359010488491976e10
1.3624399720967466e10
1.3658694557015173e10
1.369298939306288e10
1.3727284229110586e10
1.3761579065158293e10
1.3795873901206e10
1.3827421138624462e10
1.3858968376042925e10
1.3892018529344883e10
1.3925068682646841e10
1.39581188359488e10
1.3993306154736145e10
1.4022528599375147e10
1.4051751044014149e10
1.408097348865315e10
1.4111451096008528e10
1.4141928703363905e10
1.4172406310719282e10
1.4203380416043919e10
1.4234354521368555e10
1.4266255862531757e10
1.429815720369496e10
1.4330058544858162e10
1.4362647682506565e10
1.4395236820154968e10
1.4427825957803371e10
1.4460415095451775e10
1.4493004233100178e10
1.452559337074858e10
1.4558182508396984e10
1.4590771646045387e10
1.462336078369379e10
1.4657366766013266e10
1.469137274833274e10
1.4725378730652216e10
1.4759384712971691e10
1.4793716452869997e10
1.4828048192768303e10
1.4862379932666609e10
1.4896711672564915e10
1.493104341246322e10
1.4965409081024584e10
1.4999774749585947e10
1.5037097868682129e10
1.5067747900959793e10
1.5098397933237457e10
1.5129047965515121e10
1.5159697997792786e10
1.519064241382899e10
1.5222684344688108e10
1.524928386007002e10
1.5275883375451933e10
1.5303404736509283e10
1.5330926097566633e10
1.535910462508112e10
1.5387283152595606e10
1.5415461680110092e10
1.544569762144774e10
1.5475933562785389e10
1.5506169504123037e10
1.5536405445460686e10
1.556694239769275e10
1.5597479349924816e10
1.5628016302156881e10
1.5658553254388947e10
1.5689090206621012e10
1.5719627158853077e10
1.575215334614991e10
1.5784679533446743e10
1.5817205720743576e10
1.5855530805210936e10
1.5893855889678295e10
1.5932180974145655e10
1.5970959844724722e10
1.600973871530379e10
1.6048517585882856e10
1.6088500881098186e10
1.6121430505150017e10
1.6154360129201847e10
1.6187289753253677e10
1.6220219377305508e10
1.6253149001357338e10
1.6286078625409168e10
1.6319008249460999e10
1.6351937873512829e10
1.638486749756466e10
1.6421295457660305e10
1.645772341775595e10
1.6494151377851597e10
1.6526440818698624e10
1.655873025954565e10
1.6593913280125916e10
1.662909630070618e10
1.6664279321286446e10
1.669946234186671e10
1.6734645362446976e10
1.6773153390480694e10
1.6811661418514412e10
1.6850909597318304e10
1.6883031475777086e10
1.6916509588219873e10
1.694998770066266e10
1.6985559816020634e10
1.7021131931378607e10
1.705670404673658e10
1.7092276162094553e10
1.7127848277452526e10
1.71634203928105e10
1.7202125360502857e10
1.7233536835365093e10
1.7266238717124863e10
1.7298940598884632e10
1.7334482103470886e10
1.737002360805714e10
1.7405565112643394e10
1.744110661722965e10
1.7476648121815903e10
1.7512554281846313e10
1.7548460441876724e10
1.7584366601907135e10
1.7620272761937546e10
1.765705153246791e10
1.7693830302998276e10
1.773168354295375e10
1.7769536782909225e10
1.78073900228647e10
1.7840843501036808e10
1.7874296979208916e10
1.7906929151935207e10
1.7933908404957935e10
1.7964550574376545e10
1.7995192743795155e10
1.8025834913213764e10
1.8056477082632374e10
1.8087119252050983e10
1.811884823649934e10
1.8150577220947697e10
1.8182306205396053e10
1.821403518984441e10
1.824908517737952e10
1.82801221993072e10
1.8305794344876648e10
1.8331466490446095e10
1.835713863601554e10
1.838528504965369e10
1.841343146329184e10
1.844157787692999e10
1.846972429056814e10
1.8498033244891876e10
1.8526342199215614e10
1.8554874296650608e10
1.85834063940856e10
1.8614278200598824e10
1.8645150007112045e10
1.8676021813625267e10
1.870689362013849e10
1.873914507199304e10
1.8772111554484566e10
1.879822267469443e10
1.8825342032924614e10
1.8852461391154797e10
1.887958074938498e10
1.890670010761516e10
1.8934376416039845e10
1.8962052724464527e10
1.898972903288921e10
1.901750295996721e10
1.9045276887045208e10
1.9074372832121517e10
1.9103468777197826e10
1.9132564722274136e10
1.916655010044767e10
1.9200535478621204e10
1.923452085679474e10
1.9268506234968273e10
1.9302491613141808e10
1.9336476991315342e10
1.9372418149956764e10
1.9408359308598186e10
1.9445988438174934e10
1.9483617567751682e10
1.952124669732843e10
1.9558875826905178e10
1.9596504956481926e10
1.9634134086058674e10
1.967306609685523e10
1.9711998107651783e10
1.9750930118448338e10
1.9789862129244892e10
1.9824631113399734e10
1.9859400097554577e10
1.989416908170942e10
1.992893806586426e10
1.9959917901437958e10
1.9985202153261e10
2.001338820581352e10
2.0041574258366035e10
2.0071688000220707e10
2.010180174207538e10
2.013191548393005e10
2.0165563920610073e10
2.019358507678415e10
2.0224020733574387e10
2.0254456390364624e10
2.028489204715486e10
2.03153277039451e10
2.0347622502092632e10
2.0379917300240166e10
2.04122120983877e10
2.0444506896535233e10
2.047808262046779e10
2.0511658344400345e10
2.05452340683329e10
2.0580215480256844e10
2.0608669838423615e10
2.0637788237168755e10
2.066785945006806e10
2.069793066296737e10
2.0728001875866676e10
2.0758073088765984e10
2.07890714918401e10
2.0820069894914215e10
2.085106829798833e10
2.0882066701062447e10
2.0913065104136562e10
2.094406350721068e10
2.09761762426416e10
2.1008288978072525e10
2.104040171350345e10
2.1072514448934372e10
2.110643391171808e10
2.1140353374501785e10
2.1174272837285492e10
2.1209752905690372e10
2.1245232974095253e10
2.1280713042500134e10
2.1316193110905014e10
2.1351673179309895e10
2.1387153247714775e10
2.1422633316119656e10
2.1458113384524536e10
2.1493593452929417e10
2.1529073521334297e10
2.1564553589739178e10
2.160003365814406e10
2.163551372654894e10
2.1671949341287395e10
2.1701962182258793e10
2.1734979071518303e10
2.1767995960777813e10
2.1801065697705494e10
2.1828465693492382e10
2.185766599029928e10
2.1887786319587383e10
2.191790664887549e10
2.1948026978163593e10
2.1981814052214252e10
2.201560112626491e10
2.204938820031557e10
2.2083982326927296e10
2.211857645353902e10
2.2153170580150745e10
2.218776470676247e10
2.2222358833374195e10
2.225695295998592e10
2.2291547086597645e10
2.232713018950869e10
2.235638993925897e10
2.238764103645991e10
2.241978029858349e10
2.2451919560707066e10
2.2484058822830643e10
2.251619808495422e10
2.2548337347077797e10
2.2580476609201374e10
2.2613960092488987e10
2.26474435757766e10
2.2680927059064213e10
2.2714410542351826e10
2.274789402563944e10
2.2782394466774002e10
2.2816894907908566e10
2.285139534904313e10
2.2885895790177692e10
2.292452527832352e10
2.296315476646935e10
2.3001784254615177e10
2.3040413742761005e10
2.3075366225232883e10
2.311031870770476e10
2.314527119017664e10
2.3180223672648518e10
2.3217344664189777e10
2.3254465655731037e10
2.3291586647272297e10
2.3328707638813557e10
2.3365828630354816e10
2.3402949621896076e10
2.3440070613437336e10
2.3477191604978596e10
2.3514312596519855e10
2.3551433588061115e10
2.3588554579602375e10
2.3625675571143635e10
2.3662796562684895e10
2.3699917554226154e10
2.3738412367410423e10
2.3776907180594692e10
2.381075236270145e10
2.384459754480821e10
2.3878442726914967e10
2.3914518510818974e10
2.395059429472298e10
2.3988829634382828e10
2.4027064974042675e10
2.4065300313702522e10
2.410353565336237e10
2.4141770993022217e10
2.4180006332682064e10
2.421824167234191e10
2.425647701200176e10
2.4296742600317326e10
2.4337008188632893e10
2.437727377694846e10
2.4417539365264027e10
2.4458428267321762e10
2.4491890233778446e10
2.452535220023513e10
2.4558814166691814e10
2.45922761331485e10
2.4628589597854446e10
2.4664903062560394e10
2.4701216527266342e10
2.473752999197229e10
2.4773843456678238e10
2.4810156921384186e10
2.4847026880960773e10
2.488389684053736e10
2.492076680011395e10
2.4957982132233566e10
2.4995197464353184e10
2.50324127964728e10
2.5065994987481968e10
2.509362204276882e10
2.5124697790184647e10
2.515577353760047e10
2.5186849285016296e10
2.521792503243212e10
2.5249000779847946e10
2.528007652726377e10
2.5313191000472424e10
2.5346330162729626e10
2.5379469324986828e10
2.541260848724403e10
2.5445747649501232e10
2.5478915105057262e10
2.5512082560613293e10
2.5545250016169323e10
2.5581312699333252e10
2.561737538249718e10
2.565343806566111e10
2.568950074882504e10
2.5725563431988968e10
2.5761626115152897e10
2.5797688798316826e10
2.5833751481480755e10
2.5867813824360138e10
2.5894908518419964e10
2.592288320962062e10
2.595351960833562e10
2.598415600705062e10
2.601479240576562e10
2.6046482697146282e10
2.6078172988526943e10
2.610996890789451e10
2.6141764827262074e10
2.617356074662964e10
2.6207128861440037e10
2.6240696976250435e10
2.6274265091060833e10
2.630783320587123e10
2.634304604356811e10
2.637825888126499e10
2.6413888744077003e10
2.6449518606889015e10
2.6486125595161793e10
2.652273258343457e10
2.6559339571707348e10
2.6595946559980125e10
2.6634671050672386e10
2.6673395541364647e10
2.6712120032056908e10
2.675084452274917e10
2.678956901344143e10
2.682829350413369e10
2.686701799482595e10
2.690574248551821e10
2.694756789187606e10
2.6985033136616985e10
2.702249838135791e10
2.7059963626098835e10
2.709313490181319e10
2.7126306177527546e10
2.71594774532419e10
2.7192648728956257e10
2.7225820004670612e10
2.7258991280384968e10
2.7292162556099323e10
2.732533383181368e10
2.7358505107528034e10
2.7392387981771088e10
2.7429657398751785e10
2.7466926815732483e10
2.750419623271318e10
2.754146564969388e10
2.7578735066674576e10
2.7616004483655273e10
2.7655146995189575e10
2.7694289506723877e10
2.773343201825818e10
2.776578888800175e10
2.7802058899795555e10
2.783832891158936e10
2.7874598923383163e10
2.790962252466024e10
2.7938733157191853e10
2.7968488053798832e10
2.79982507961737e10
2.8028013538548565e10
2.805777628092343e10
2.8087539023298298e10
2.812018986300614e10
2.8152840702713985e10
2.818549154242183e10
2.8218142382129673e10
2.8250793221837517e10
2.828344406154536e10
2.8316094901253204e10
2.8349173426235577e10
2.838225195121795e10
2.8415338636894897e10
2.8448425322571846e10
2.8481512008248795e10
2.8514598693925743e10
2.854911555386261e10
2.8583632413799477e10
2.861992325696705e10
2.865621410013462e10
2.8692504943302193e10
2.8728795786469765e10
2.8765501199380886e10
2.8802206612292007e10
2.8839894250037075e10
2.8877581887782143e10
2.891526952552721e10
2.895467296713805e10
2.89889495664783e10
2.90168706399666e10
2.9045938631087246e10
2.907543753858454e10
2.9104936446081837e10
2.9135732915533367e10
2.9166529384984898e10
2.9201925249959908e10
2.9237321114934917e10
2.9272716979909927e10
2.9308112844884937e10
2.9343508709859947e10
2.937908736221721e10
2.941466601457447e10
2.9450244666931732e10
2.9485823319288994e10
2.9521401971646255e10
2.9560683095575768e10
2.959485506397177e10
2.9629027032367775e10
2.966795355013416e10
2.9706880067900543e10
2.974770039541773e10
2.9781197078427036e10
2.9817239791948677e10
2.9846856900450176e10
2.988248506174176e10
2.9918113223033344e10
2.995374138432493e10
2.9989369545616512e10
3.0024997706908096e10
3.006062586819968e10
3.010029682312935e10
3.0139967778059017e10
3.0179638732988686e10
3.0219309687918354e10
3.0258980642848022e10
3.029865159777769e10
3.034159039772191e10
3.037362880502328e10
3.0399334974392197e10
3.042862384508185e10
3.04579127157715e10
3.048720158646115e10
3.0519143571213924e10
3.0551085555966698e10
3.058391964363862e10
3.061675373131054e10
3.064958781898246e10
3.068481284357068e10
3.0720037868158897e10
3.0757602701299625e10
3.0795167534440353e10
3.083273236758108e10
3.087122291751169e10
3.0909713467442295e10
3.0948204017372902e10
3.0982795772740635e10
3.1017387528108368e10
3.104920102998568e10
3.108101453186299e10
3.1112876405717613e10
3.114608088314739e10
3.1179743029317055e10
3.121340517548672e10
3.1247067321656387e10
3.1280729467826054e10
3.131439161399572e10
3.1348053760165386e10
3.1381715906335052e10
3.1416182742708046e10
3.145064957908104e10
3.148732397599653e10
3.1523998372912018e10
3.1536e10
