0.0
2796.750539045222
4005.4136916782795
6265.078844943273
8833.88007925577
12171.279332710863
16326.54066677954
21487.477605244374
28033.779522722278
36395.171154407406
46592.263102904704
59415.078049969736
76130.82316536023
96150.47551999128
121840.0978379042
152698.2770537061
190403.82323516198
237987.2975392181
294973.07266415533
366558.38503205404
452585.58158251445
543516.2878413082
658049.5765192586
795390.467898851
948086.2971936995
1.120584503810699e6
1.302533341526792e6
1.5539694063189751e6
1.8054054711111584e6
2.15758777950603e6
2.5097700879009017e6
2.930412544800141e6
3.432648254143284e6
3.9441569520312236e6
4.575331116359795e6
5.206505280688368e6
5.929710033870636e6
6.652914787052903e6
7.476264215839195e6
8.347763542509759e6
9.219262869180322e6
1.038230505128966e7
1.1637719545294307e7
1.2893134039298953e7
1.4231246262758955e7
1.5777259861099763e7
1.7389616837910157e7
1.9048221589644533e7
2.0936284154020254e7
2.2824346718395974e7
2.492672276429802e7
2.7152724179183174e7
2.9378725594068326e7
3.198886461198337e7
3.464943137494229e7
3.7405852023621194e7
4.051507416548514e7
4.372472999286599e7
4.71654185816183e7
5.0606107170370616e7
5.445857810240477e7
5.831104903443893e7
6.222587587005521e7
6.6284067815747954e7
7.074298727276257e7
7.520190672977719e7
7.96608261867918e7
8.512918839767574e7
9.062385621180673e7
9.611852402593772e7
1.0207102532257594e8
1.0838217748479432e8
1.1498484719371977e8
1.2158751690264523e8
1.2897150349147393e8
1.3635549008030263e8
1.4405722236204827e8
1.517589546437939e8
1.5946068692553955e8
1.6794523219040424e8
1.7642977745526892e8
1.849143227201336e8
1.933988679849983e8
2.0256569163989937e8
2.1173251529480046e8
2.2089933894970155e8
2.3110302414500913e8
2.413067093403167e8
2.515103945356243e8
2.6171407973093188e8
2.723336637742306e8
2.829532478175293e8
2.9357283186082804e8
3.0450694839907616e8
3.155086333793231e8
3.2664040581527305e8
3.3777217825122297e8
3.489039506871729e8
3.6161238107066196e8
3.7455890886348087e8
3.8750543665629977e8
4.0080766163118637e8
4.1410988660607296e8
4.2821569739647305e8
4.4232150818687314e8
4.564273189772732e8
4.711468019650368e8
4.858662849528004e8
5.00585767940564e8
5.159359863721935e8
5.3128620480382305e8
5.473143232663649e8
5.633424417289068e8
5.793705601914486e8
5.961084349914734e8
6.128463097914983e8
6.306592695803936e8
6.484722293692887e8
6.683375655045458e8
6.882029016398029e8
7.0806823777506e8
7.283691314650775e8
7.48670025155095e8
7.689709188451124e8
7.892718125351299e8
8.113432901937646e8
8.334147678523992e8
8.554862455110339e8
8.784808623712449e8
9.014754792314559e8
9.244700960916669e8
9.480999282502658e8
9.73048296130707e8
9.979966640111482e8
1.0229450318915894e9
1.0478933997720306e9
1.0766809761180658e9
1.105468552464101e9
1.1343706862939405e9
1.16327282012378e9
1.1921749539536195e9
1.2252957886608546e9
1.252039861393162e9
1.2789041937854495e9
1.305768526177737e9
1.3326328585700245e9
1.3542238315022223e9
1.371722342949137e9
1.3907988166387188e9
1.4098752903283007e9
1.4297599315251055e9
1.4504810450322607e9
1.4725424190952795e9
1.4905155234633696e9
1.5107975203104055e9
1.5310795171574414e9
1.5513615140044773e9
1.5753277127131224e9
1.5992939114217675e9
1.6232601101304126e9
1.6472263088390577e9
1.6711925075477028e9
1.695158706256348e9
1.723190369848616e9
1.7512220334408839e9
1.7792536970331519e9
1.8072853606254199e9
1.8353170242176878e9
1.8633486878099558e9
1.8865375230248015e9
1.9097263582396472e9
1.9330379989571261e9
1.9564270026978166e9
1.979816006438507e9
2.0059283691902986e9
2.0273919794756858e9
2.048855589761073e9
2.0703192000464604e9
2.0917828103318477e9
2.113246420617235e9
2.1348172378267374e9
2.15638805503624e9
2.1804236674911346e9
2.204459279946029e9
2.2284948924009237e9
2.2525305048558183e9
2.276566117310713e9
2.3006017297656074e9
2.3258790272472486e9
2.35115632472889e9
2.3764429648366036e9
2.4030893123211336e9
2.4237762925446367e9
2.44446327276814e9
2.465548475600932e9
2.4866336784337244e9
2.5078044312808404e9
2.5289751841279564e9
2.5511279434078045e9
2.5732807026876526e9
2.595631156629761e9
2.61798161057187e9
2.6407179299281554e9
2.6585269703339863e9
2.6763360107398167e9
2.694145051145647e9
2.7129547646489286e9
2.73176447815221e9
2.750574191655492e9
2.7703777159349046e9
2.7901812402143173e9
2.80998476449373e9
2.829788288773143e9
2.8495918130525556e9
2.8693953373319683e9
2.892439619991217e9
2.911366259588859e9
2.9323053154538174e9
2.9532443713187757e9
2.974183427183734e9
2.995122483048692e9
3.0160615389136505e9
3.035408092792078e9
3.0511920514887257e9
3.0708941225064955e9
3.0905961935242653e9
3.110298264542035e9
3.130000335559805e9
3.1497024065775747e9
3.1694044775953445e9
3.189962831351678e9
3.2112234055894194e9
3.232483979827161e9
3.2537445540649023e9
3.275005128302644e9
3.2962657025403852e9
3.3175262767781267e9
3.338786851015868e9
3.3600474252536097e9
3.381307999491351e9
3.4025685737290926e9
3.423829147966834e9
3.4450897222045755e9
3.466350296442317e9
3.490609448479555e9
3.5148686005167933e9
3.5391277525540314e9
3.5633869045912695e9
3.5876460566285076e9
3.6119052086657457e9
3.6370231023446126e9
3.6577381250509686e9
3.6784531477573247e9
3.6991681704636807e9
3.719883193170037e9
3.740598215876393e9
3.761906099561304e9
3.7832139832462153e9
3.8045218669311266e9
3.825829750616038e9
3.844672353327701e9
3.8635149560393643e9
3.882886038957745e9
3.902257121876126e9
3.9217560484708695e9
3.941887380811088e9
3.9620187131513066e9
3.982150045491525e9
4.0022813778317437e9
4.0224127101719623e9
4.042544042512181e9
4.0635898080793834e9
4.084635573646586e9
4.1056813392137885e9
4.126727104780991e9
4.1477728703481936e9
4.168818635915396e9
4.189925497366966e9
4.2110323588185353e9
4.2333632468182406e9
4.255694134817946e9
4.2780250228176513e9
4.300355910817356e9
4.322686798817061e9
4.345017686816767e9
4.367348574816472e9
4.389679462816177e9
4.406543776758469e9
4.42340809070076e9
4.442014204685559e9
4.460620318670359e9
4.479226432655158e9
4.49830025827075e9
4.513867759239539e9
4.529435260208328e9
4.545002761177117e9
4.560570262145906e9
4.577676360903619e9
4.594782459661331e9
4.612662315502162e9
4.630542171342993e9
4.648422027183824e9
4.666301883024654e9
4.684181738865485e9
4.702061594706316e9
4.719941450547147e9
4.738350850217989e9
4.756760249888831e9
4.775169649559673e9
4.79383376429261e9
4.812497879025547e9
4.827562471599921e9
4.8400721259009075e9
4.853482540850172e9
4.866892955799437e9
4.880303370748701e9
4.894300207752651e9
4.908297044756601e9
4.922293881760551e9
4.936618830837461e9
4.9509437799143715e9
4.965529424104826e9
4.98011506829528e9
4.995183363331631e9
5.010544531620619e9
5.025905699909607e9
5.041266868198595e9
5.056813363446251e9
5.072359858693907e9
5.087906353941563e9
5.104200845581134e9
5.120495337220705e9
5.13726936854183e9
5.154043399862955e9
5.17081743118408e9
5.187591462505205e9
5.199990629429045e9
5.212389796352884e9
5.225870772907687e9
5.23935174946249e9
5.25319172826179e9
5.26703170706109e9
5.280871685860391e9
5.295745376179415e9
5.310619066498439e9
5.325492756817463e9
5.340819253302912e9
5.356145749788361e9
5.371472246273809e9
5.386798742759258e9
5.402847986757326e9
5.417284028776981e9
5.431720070796637e9
5.446713707061818e9
5.461707343327e9
5.476700979592181e9
5.491694615857363e9
5.506688252122544e9
5.521681888387726e9
5.536675524652907e9
5.551669160918089e9
5.567112683978279e9
5.582556207038469e9
5.5979997300986595e9
5.61344325315885e9
5.626983966452649e9
5.6405246797464485e9
5.654555317848544e9
5.66858595595064e9
5.682616594052735e9
5.696647232154831e9
5.710677870256927e9
5.725250738294889e9
5.739823606332852e9
5.754396474370815e9
5.768969342408778e9
5.783542210446741e9
5.798115078484704e9
5.813805129199314e9
5.826807470391317e9
5.838340133296146e9
5.849872796200975e9
5.861405459105804e9
5.872938122010633e9
5.8844707849154625e9
5.89654746882093e9
5.908624152726397e9
5.920700836631864e9
5.933224077170271e9
5.943520805298571e9
5.95503880244123e9
5.966556799583889e9
5.978074796726548e9
5.989592793869207e9
6.001110791011867e9
6.011268761505333e9
6.021426731998799e9
6.03243444753365e9
6.043442163068501e9
6.054449878603353e9
6.065457594138204e9
6.076465309673055e9
6.088023642483132e9
6.09958197529321e9
6.112212108257858e9
6.122443957867645e9
6.132675807477432e9
6.142907657087219e9
6.153940533967893e9
6.164973410848566e9
6.176636746901115e9
6.188518728915012e9
6.200400710928909e9
6.212282692942806e9
6.222576473105895e9
6.232870253268984e9
6.244011907978973e9
6.255153562688963e9
6.264409590717505e9
6.27490834136275e9
6.283189028520316e9
6.291978012895268e9
6.301008323404068e9
6.310038633912868e9
6.319068944421667e9
6.328770590686519e9
6.33847223695137e9
6.348173883216222e9
6.356708943479447e9
6.365244003742673e9
6.374532083157543e9
6.383820162572413e9
6.393108241987284e9
6.402490909912871e9
6.411873577838459e9
6.421256245764047e9
6.43080879026006e9
6.440361334756074e9
6.449913879252088e9
6.459466423748101e9
6.46976286471294e9
6.480059305677779e9
6.490355746642618e9
6.500652187607457e9
6.510948628572296e9
6.521245069537135e9
6.531541510501974e9
6.540784786546558e9
6.550028062591143e9
6.559271338635727e9
6.56734707466542e9
6.575422810695112e9
6.583498546724805e9
6.591574282754498e9
6.599770317007817e9
6.607966351261137e9
6.616162385514457e9
6.622987645094735e9
6.630202584886923e9
6.637417524679111e9
6.644632464471298e9
6.651847404263486e9
6.659062344055674e9
6.666277283847861e9
6.673492223640049e9
6.680707163432237e9
6.687922103224424e9
6.695137043016612e9
6.7023519828088e9
6.709566922600987e9
6.716781862393175e9
6.72309513776729e9
6.729408413141405e9
6.735010154635282e9
6.740611896129158e9
6.7462136376230345e9
6.752231370939371e9
6.758249104255708e9
6.764266837572044e9
6.7706652622851715e9
6.777063686998299e9
6.781943168545068e9
6.786822650091837e9
6.792263870345538e9
6.797705090599239e9
6.803146310852941e9
6.808587531106642e9
6.812607245881396e9
6.816626960656151e9
6.820805320983357e9
6.825071930021021e9
6.828508809838439e9
6.8319603961930895e9
6.83485493796976e9
6.83739199926746e9
6.83992906056516e9
6.842160744345662e9
6.844392428126164e9
6.846624111906667e9
6.848629838671093e9
6.850635565435519e9
6.852641292199945e9
6.854647018964372e9
6.856351465216424e9
6.857854235913572e9
6.859357006610721e9
6.860859777307869e9
6.862362548005017e9
6.863865318702166e9
6.865368089399314e9
6.866870860096462e9
6.868373630793611e9
6.869689994060946e9
6.871006357328282e9
6.872188758400268e9
6.873371159472253e9
6.874553560544238e9
6.875735961616223e9
6.876918362688209e9
6.878100763760194e9
6.879283164832179e9
6.880465565904164e9
6.88164796697615e9
6.882830368048135e9
6.88401276912012e9
6.885195170192105e9
6.886377571264091e9
6.887559972336076e9
6.888742373408061e9
6.889924774480046e9
6.8911071755520315e9
6.892289576624017e9
6.893471977696002e9
6.894654378767987e9
6.8958367798399725e9
6.897019180911958e9
6.898201581983943e9
6.899383983055928e9
6.900566384127913e9
6.901749074701059e9
6.902931765274205e9
6.904114455847351e9
6.905310968070413e9
6.906512646801685e9
6.907721240321657e9
6.908954011831712e9
6.910190700583936e9
6.911451133151653e9
6.912711565719371e9
6.914006989654708e9
6.915302413590045e9
6.916623472265363e9
6.917946464284147e9
6.919295506747597e9
6.920650754047779e9
6.9220295393068495e9
6.9234174895047e9
6.92480543970255e9
6.92625099233754e9
6.927696544972529e9
6.92918388588668e9
6.9306717225041685e9
6.932159559121657e9
6.93370628973396e9
6.935253020346263e9
6.936799750958566e9
6.93838811953087e9
6.939976488103175e9
6.941636368225991e9
6.943296248348807e9
6.945002799183159e9
6.94670935001751e9
6.948415900851862e9
6.9501224516862135e9
6.951895511275718e9
6.95368322424672e9
6.955470937217723e9
6.957325917508381e9
6.959180897799039e9
6.961035878089697e9
6.962906811372409e9
6.964777744655121e9
6.966779449228646e9
6.968781153802172e9
6.970782858375697e9
6.972862838540116e9
6.9749428187045355e9
6.977022798868955e9
6.979129476970955e9
6.981289158927752e9
6.983448840884548e9
6.985608522841345e9
6.98778590810305e9
6.9900027733494625e9
6.992225429377247e9
6.994448085405031e9
6.996670741432816e9
6.998979054558083e9
7.00128736768335e9
7.003595680808617e9
7.00599269186165e9
7.008389702914684e9
7.010786713967718e9
7.01344121909912e9
7.016095724230522e9
7.018782272803283e9
7.021494421547716e9
7.02420657029215e9
7.027026271741118e9
7.029845973190087e9
7.032665674639056e9
7.035595921273145e9
7.038526167907233e9
7.041456414541322e9
7.044386955169668e9
7.047317495798015e9
7.050467688339544e9
7.053617880881074e9
7.056768073422604e9
7.059918265964133e9
7.063301024707672e9
7.066683783451211e9
7.07006654219475e9
7.073449300938289e9
7.076969968433356e9
7.080490635928424e9
7.0840113034234915e9
7.087531970918559e9
7.091052638413627e9
7.094704951894026e9
7.098357265374425e9
7.102009578854824e9
7.105666720660966e9
7.109323862467108e9
7.113166352095895e9
7.117008841724682e9
7.120851331353469e9
7.124693820982256e9
7.128587369739552e9
7.132480918496847e9
7.136374467254143e9
7.140268016011438e9
7.144161564768734e9
7.148362784247551e9
7.152740268639485e9
7.15711775303142e9
7.161495237423354e9
7.165970853838988e9
7.170446470254622e9
7.174922086670257e9
7.179769817846992e9
7.184617549023726e9
7.189465280200461e9
7.194313011377196e9
7.199187450009953e9
7.202967754703176e9
7.206884574439696e9
7.21136681731839e9
7.215046280845749e9
7.218725744373108e9
7.222960668884612e9
7.227195593396116e9
7.23143051790762e9
7.235665442419125e9
7.239900366930629e9
7.244135291442133e9
7.248370215953637e9
7.25291512283649e9
7.257460029719342e9
7.262292451790585e9
7.266172372421852e9
7.270409016313417e9
7.274645660204983e9
7.279061241325967e9
7.28272358867889e9
7.287070948593923e9
7.291418308508955e9
7.295765668423987e9
7.300408188740181e9
7.305050709056375e9
7.310497239693474e9
7.314700907128215e9
7.318904574562956e9
7.323756909923306e9
7.328609245283657e9
7.333461580644008e9
7.338486259454653e9
7.343843379743299e9
7.349200500031944e9
7.35455762032059e9
7.360430929797972e9
7.366304239275353e9
7.372177548752735e9
7.378057373693486e9
7.383937198634237e9
7.389817023574988e9
7.3957104613639965e9
7.401603899153005e9
7.407497336942013e9
7.413390774731021e9
7.419284212520029e9
7.425177650309037e9
7.431887261121207e9
7.437149709098623e9
7.44356205260825e9
7.449974396117876e9
7.456641947645519e9
7.463309499173162e9
7.469977050700806e9
7.476644602228449e9
7.483312153756092e9
7.489979705283735e9
7.497671000500439e9
7.505362295717142e9
7.513091658043632e9
7.520821020370121e9
7.52855038269661e9
7.5362797450231e9
7.544009107349589e9
7.552130161257377e9
7.560251215165164e9
7.568372269072951e9
7.576493322980739e9
7.584614376888526e9
7.592735430796313e9
7.601023084232302e9
7.60931073766829e9
7.617598391104279e9
7.627387039419893e9
7.637175687735508e9
7.644476933392207e9
7.651778179048906e9
7.659143344049437e9
7.666508509049967e9
7.673873674050497e9
7.68197015289574e9
7.690066631740982e9
7.698163110586225e9
7.706259589431467e9
7.7147004792776575e9
7.723141369123848e9
7.732500869128331e9
7.740017048818707e9
7.749507399795045e9
7.757221833046875e9
7.765076031350902e9
7.772930229654928e9
7.780784427958955e9
7.788638626262981e9
7.797262178180713e9
7.805885730098444e9
7.814509282016175e9
7.8247343425622225e9
7.832796447707938e9
7.841302128332245e9
7.849807808956552e9
7.858313489580858e9
7.866819170205165e9
7.875366449222557e9
7.883913728239949e9
7.893258814830759e9
7.902603901421569e9
7.911948988012379e9
7.9212940746031885e9
7.930639161193998e9
7.939984247784808e9
7.949988625186765e9
7.959993002588721e9
7.969997379990678e9
7.980001757392634e9
7.990799618201326e9
8.001597479010018e9
8.01239533981871e9
8.023193200627402e9
8.033991061436094e9
8.044788922244786e9
8.055857332231404e9
8.066925742218022e9
8.078431188800526e9
8.089936635383029e9
8.102875086482752e9
8.11312979518216e9
8.123586528205116e9
8.134845824958761e9
8.146105121712406e9
8.157364418466051e9
8.168828386366662e9
8.180292354267273e9
8.191756322167884e9
8.203220290068495e9
8.214684257969106e9
8.226715824814383e9
8.236705691039879e9
8.247543053958589e9
8.258380416877298e9
8.269217779796008e9
8.280055142714718e9
8.290892505633428e9
8.301878433851423e9
8.312864362069419e9
8.323850290287415e9
8.334866141519312e9
8.345881992751209e9
8.356897843983107e9
8.367913695215004e9
8.3791888687189665e9
8.390464042222929e9
8.402480094659928e9
8.41317258265053e9
8.423865070641131e9
8.435408508571374e9
8.4469519465016165e9
8.458565014840282e9
8.469489377704196e9
8.478313872410133e9
8.48796553366364e9
8.497617194917147e9
8.5084517440468235e9
8.5192862931765e9
8.530120842306177e9
8.540955391435854e9
8.552386062485221e9
8.564393738634228e9
8.576401414783235e9
8.588477603545864e9
8.600553792308495e9
8.613782412134003e9
8.623932159784996e9
8.636830721101934e9
8.646776696615046e9
8.657254294773865e9
8.668775703589237e9
8.68029711240461e9
8.691901086471096e9
8.703505060537582e9
8.715109034604069e9
8.726713008670555e9
8.738833698063766e9
8.750954387456978e9
8.763727801126802e9
8.776501214796627e9
8.789274628466452e9
8.800645757547525e9
8.8120168866286e9
8.825453986018356e9
8.838891085408113e9
8.85232818479787e9
8.867467729122997e9
8.878942657619322e9
8.89088271339226e9
8.902822769165197e9
8.914765748222254e9
8.92670872727931e9
8.938651706336367e9
8.950594685393423e9
8.963613498121563e9
8.976632310849703e9
8.99018333036761e9
9.003734349885519e9
9.018058994852636e9
9.032383639819754e9
9.046708284786871e9
9.061032929753988e9
9.075919810689947e9
9.090806691625906e9
9.105693572561865e9
9.120580453497824e9
9.135467334433783e9
9.150354215369741e9
9.16635524357603e9
9.179650385319176e9
9.193678797176117e9
9.207707209033058e9
9.22173562089e9
9.236235625427069e9
9.250735629964138e9
9.266009244331568e9
9.281282858698997e9
9.296556473066427e9
9.311993455484783e9
9.32743043790314e9
9.344017294132256e9
9.360604150361372e9
9.377191006590488e9
9.393777862819605e9
9.410364719048721e9
9.426951575277838e9
9.444510045774347e9
9.462068516270857e9
9.479626986767366e9
9.4985850157534e9
9.517543044739435e9
9.53650107372547e9
9.555459102711504e9
9.574417131697538e9
9.593375160683573e9
9.612333189669607e9
9.631291218655642e9
9.650249247641676e9
9.666787877140825e9
9.683326506639975e9
9.700673079118134e9
9.718019651596292e9
9.735366224074451e9
9.75271279655261e9
9.77005936903077e9
9.787839328664242e9
9.805619288297714e9
9.823399247931187e9
9.84117920756466e9
9.858959167198132e9
9.876739126831604e9
9.894519086465076e9
9.913656155577965e9
9.932793224690853e9
9.951930293803741e9
9.97106736291663e9
9.990204432029518e9
1.0009341501142406e10
1.0030475970368755e10
1.0051610439595104e10
1.0072744908821453e10
1.0093879378047802e10
1.0115316145987368e10
1.0136752913926933e10
1.0158189681866499e10
1.0179664857730247e10
1.0201140033593996e10
1.0222615209457745e10
1.0244090385321493e10
1.0265565561185242e10
1.028704073704899e10
1.0308515912912739e10
1.0329991088776487e10
1.0351466264640236e10
1.0372941440503984e10
1.0394416616367733e10
1.0415891792231482e10
1.043736696809523e10
1.0458842143958979e10
1.048052219913094e10
1.05022022543029e10
1.0523882309474861e10
1.0546221716182074e10
1.0568561122889286e10
1.0590900529596498e10
1.061323993630371e10
1.0636405347845928e10
1.0659570759388145e10
1.0682736170930363e10
1.070590158247258e10
1.0730241933006557e10
1.0750272580874153e10
1.0772307173363031e10
1.079434176585191e10
1.0816376358340788e10
1.0838410950829666e10
1.085813599836881e10
1.087443245164878e10
1.0892128447778362e10
1.0910502980444527e10
1.0928877513110691e10
1.0947252045776855e10
1.096562657844302e10
1.0984001111109184e10
1.1003303699177046e10
1.1022606287244907e10
1.1041908875312769e10
1.106121146338063e10
1.1080514051448492e10
1.1099816639516354e10
1.1119119227584215e10
1.1138477806846624e10
1.1157836386109034e10
1.1177194965371443e10
1.1196553544633852e10
1.1216627910187563e10
1.1236702275741274e10
1.1256776641294985e10
1.1276851006848696e10
1.129878318350816e10
1.1316941077816092e10
1.1335988832901604e10
1.1355036587987116e10
1.1374156338054453e10
1.139327608812179e10
1.1412395838189127e10
1.1431515588256464e10
1.1451101432345758e10
1.1470687276435053e10
1.1490273120524347e10
1.1509858964613642e10
1.1529444808702936e10
1.1550582068858566e10
1.1571719329014196e10
1.1592856589169827e10
1.1613993849325457e10
1.1636658039778517e10
1.1659529205296469e10
1.1678378801078165e10
1.1698873191105688e10
1.1719367581133211e10
1.1739861971160734e10
1.1762450563814837e10
1.1785039156468939e10
1.1807627749123041e10
1.1830216341777143e10
1.1852804934431246e10
1.1875393527085348e10
1.189798211973945e10
1.1920570712393553e10
1.1943159305047655e10
1.1965747897701757e10
1.1988667740942963e10
1.2011587584184168e10
1.2034507427425373e10
1.2057427270666578e10
1.2080347113907784e10
1.2103266957148989e10
1.2126926074607855e10
1.2150585192066721e10
1.2171794431661966e10
1.2193003671257212e10
1.2214735564633278e10
1.2236467458009344e10
1.2258946503733603e10
1.228142554945786e10
1.230390459518212e10
1.2326383640906378e10
1.2348862686630636e10
1.2371833263794474e10
1.2394803840958311e10
1.2417774418122149e10
1.2440744995285986e10
1.2463715572449823e10
1.2487615414783623e10
1.2511515257117422e10
1.2535415099451221e10
1.255931494178502e10
1.25856901367534e10
1.261206533172178e10
1.263844052669016e10
1.2664936110194754e10
1.2688657114245138e10
1.2712378118295523e10
1.2736986494074272e10
1.2761594869853022e10
1.2786203245631771e10
1.281208832369155e10
1.2837973401751328e10
1.2864653862042517e10
1.2891334322333706e10
1.2918014782624895e10
1.2944695242916084e10
1.2968452116542442e10
1.29922089901688e10
1.3017063293075073e10
1.3041917595981346e10
1.3066771898887619e10
1.3091626201793892e10
1.3116480504700165e10
1.3142069982578709e10
1.3167659460457253e10
1.3193409313072834e10
1.3219159165688416e10
1.3243675136269148e10
1.3263807455152838e10
1.3287126175684086e10
1.3310444896215334e10
1.3333763616746582e10
1.335708233727783e10
1.3381045348043587e10
1.3405008358809343e10
1.3429102718452991e10
1.345319707809664e10
1.3477291437740288e10
1.3504632450851456e10
1.3526182012821156e10
1.3548536678078547e10
1.3570891343335938e10
1.3593246008593328e10
1.361614669375184e10
1.3639047378910353e10
1.3661948064068865e10
1.3684848749227377e10
1.3709071873148203e10
1.3733294997069029e10
1.3757518120989855e10
1.378174124491068e10
1.3807367949294186e10
1.383299465367769e10
1.3858621358061195e10
1.3884750260250978e10
1.391176520075684e10
1.3938780141262701e10
1.3965795081768562e10
1.3992810022274424e10
1.4019824962780285e10
1.4046839903286146e10
1.4074275094150585e10
1.4101710285015024e10
1.4129145475879463e10
1.4156890455296814e10
1.4184635434714165e10
1.4205993774744593e10
1.422735211477502e10
1.4252248259171692e10
1.4277144403568363e10
1.4298869760353971e10
1.4316837212130047e10
1.4337043668034447e10
1.43574662226863e10
1.4377888777338154e10
1.4398311331990007e10
1.4419788077269838e10
1.444126482254967e10
1.4465098577232763e10
1.4488932331915857e10
1.4512766086598951e10
1.453730757653034e10
1.4562144036178474e10
1.4582736668671032e10
1.4605711065519482e10
1.4628685462367931e10
1.4653090114045479e10
1.4677494765723026e10
1.4701899417400574e10
1.4726304069078121e10
1.4750708720755669e10
1.4778050475098635e10
1.48053922294416e10
1.4832733983784567e10
1.4860075738127533e10
1.4887417492470499e10
1.4914759246813465e10
1.4942101001156431e10
1.4969442755499397e10
1.4996784509842363e10
1.5024557410279951e10
1.5052330310717539e10
1.5080103211155127e10
1.5107876111592714e10
1.5137234326306295e10
1.5166592541019876e10
1.5195950755733458e10
1.5225308970447039e10
1.5255217370486427e10
1.5285125770525816e10
1.5315034170565205e10
1.5344942570604593e10
1.5374850970643982e10
1.540475937068337e10
1.543466777072276e10
1.5460816035853794e10
1.548251486961914e10
1.5506455294037256e10
1.5530395718455372e10
1.5554981837741539e10
1.5579567957027706e10
1.5604154076313873e10
1.562874019560004e10
1.5655255193042154e10
1.5681770190484268e10
1.5708285187926382e10
1.5736906611373938e10
1.576039996760594e10
1.5786247279316391e10
1.5812094591026842e10
1.5837941902737293e10
1.5865445780895828e10
1.5892949659054363e10
1.5920453537212898e10
1.5947957415371433e10
1.5975461293529968e10
1.6002821271806381e10
1.6024843816881903e10
1.6049563986368067e10
1.607012861417672e10
1.6091916430091158e10
1.6113704246005596e10
1.6135492061920034e10
1.6157417633282473e10
1.6179808949372894e10
1.6202200265463316e10
1.6224631423885733e10
1.624706258230815e10
1.6270393953702248e10
1.6294381650730642e10
1.6318369347759037e10
1.6337902471154066e10
1.6360365621448467e10
1.6378871239984053e10
1.6397376858519638e10
1.6415882477055223e10
1.643567937522426e10
1.6455476273393297e10
1.6475273171562334e10
1.6497602822810253e10
1.6519932474058172e10
1.6542262125306091e10
1.656459177655401e10
1.658692142780193e10
1.6609251079049849e10
1.6631580730297768e10
1.6655285738797928e10
1.6678990747298088e10
1.6702695755798248e10
1.6726629416733036e10
1.6750563077667824e10
1.6774496738602612e10
1.67984303995374e10
1.6822433432080296e10
1.6846436464623192e10
1.6870439497166088e10
1.6894442529708984e10
1.691844556225188e10
1.6942448594794777e10
1.6966451627337673e10
1.699045465988057e10
1.7014457692423466e10
1.7040858515711752e10
1.7067259339000038e10
1.7093660162288324e10
1.712006098557661e10
1.7148652917020987e10
1.7177244848465363e10
1.720583677990974e10
1.723442871135412e10
1.7263020642798496e10
1.7291612574242874e10
1.7320404546491276e10
1.73438563324627e10
1.736904851691775e10
1.7394240701372803e10
1.7419432885827854e10
1.7444625070282906e10
1.7470835172655777e10
1.749704527502865e10
1.752325537740152e10
1.754946547977439e10
1.7576741238520218e10
1.7604016997266045e10
1.7626543891383358e10
1.7652470170086872e10
1.7678396448790386e10
1.77043227274939e10
1.7730299290510197e10
1.7756429236490265e10
1.7782559182470333e10
1.78086891284504e10
1.783198859080766e10
1.7855288053164917e10
1.7878587515522175e10
1.7904616284466354e10
1.7926171822607063e10
1.7950972002532623e10
1.7975772182458183e10
1.8000572362383743e10
1.802659216575256e10
1.8052611969121376e10
1.8078631772490192e10
1.8107666303595306e10
1.813670083470042e10
1.8165735365805534e10
1.8196398202807037e10
1.822706103980854e10
1.8257723876810043e10
1.8288386713811546e10
1.831904955081305e10
1.8350211030327183e10
1.8381372509841316e10
1.841253398935545e10
1.8443695468869583e10
1.8474856948383717e10
1.850601842789785e10
1.8537179907411983e10
1.8568341386926117e10
1.859950286644025e10
1.8630664345954384e10
1.8662649242754635e10
1.8688483799679146e10
1.8714318356603657e10
1.8740196897796017e10
1.8766075438988377e10
1.8791953980180737e10
1.8817832521373096e10
1.8843711062565456e10
1.8869589603757816e10
1.8895468144950176e10
1.8918622526966167e10
1.894177690898216e10
1.8966898643256954e10
1.899202037753175e10
1.9017142111806545e10
1.904226384608134e10
1.906754744670829e10
1.909283104733524e10
1.9118714777804688e10
1.9144598508274136e10
1.9170482238743584e10
1.919636596921303e10
1.9224948020427578e10
1.9253530071642124e10
1.928211212285667e10
1.9310694174071217e10
1.9339276225285763e10
1.936487038903632e10
1.9390464552786877e10
1.9416058716537434e10
1.944165288028799e10
1.9467247044038548e10
1.9492841207789104e10
1.951913989300584e10
1.9545438578222576e10
1.9571737263439312e10
1.9598211592282745e10
1.962494974326362e10
1.965168789424449e10
1.9678426045225365e10
1.9705913819572567e10
1.973340159391977e10
1.976088936826697e10
1.9788377142614174e10
1.981624205172894e10
1.9844465207027122e10
1.9872688362325306e10
1.990121896180792e10
1.992974956129053e10
1.9958721741794056e10
1.998769392229758e10
2.0016666102801105e10
2.004563828330463e10
2.0074610463808155e10
2.010358264431168e10
2.0132554824815205e10
2.0162116630602734e10
2.0191678436390263e10
2.0221276531458565e10
2.0250874626526867e10
2.028047272159517e10
2.031007081666347e10
2.0339668911731773e10
2.0369267006800076e10
2.0398865101868378e10
2.042846319693668e10
2.0458061292004982e10
2.0487659387073284e10
2.0517834345453373e10
2.054800930383346e10
2.057818426221355e10
2.060835922059364e10
2.0638805083030766e10
2.066925094546789e10
2.0699696807905018e10
2.0730142670342144e10
2.076058853277927e10
2.0791034395216396e10
2.0821480257653522e10
2.085291195411367e10
2.088434365057382e10
2.0915775347033966e10
2.093849564206556e10
2.0961215937097153e10
2.0987220526739807e10
2.101322511638246e10
2.1039229706025116e10
2.1066433491651157e10
2.10936372772772e10
2.112084106290324e10
2.114930070291003e10
2.117776034291682e10
2.120621998292361e10
2.12346796229304e10
2.126313926293719e10
2.129159890294398e10
2.132005854295077e10
2.134851818295756e10
2.1374042123924557e10
2.1399566064891552e10
2.1426252066892895e10
2.1452938068894238e10
2.1479758138520393e10
2.150657820814655e10
2.1533398277772705e10
2.156155745654257e10
2.158971663531243e10
2.161841170619911e10
2.1647106777085785e10
2.1677362841133064e10
2.1707618905180344e10
2.1737874969227623e10
2.1768131033274902e10
2.179838709732218e10
2.18297934916394e10
2.186119988595662e10
2.1892606280273838e10
2.1924012674591057e10
2.1955419068908276e10
2.198861754377516e10
2.2021816018642048e10
2.2055014493508934e10
2.208821296837582e10
2.2112679994318542e10
2.2137147020261265e10
2.2161614046203987e10
2.2187558250195194e10
2.22135024541864e10
2.2239968280755135e10
2.226672634890758e10
2.2293484417060028e10
2.2320242485212475e10
2.234700055336492e10
2.2375082484566967e10
2.2403164415769012e10
2.2431246346971058e10
2.2459328278173103e10
2.248741020937515e10
2.251643763002282e10
2.254546505067049e10
2.257572977398172e10
2.260599449729295e10
2.263625922060418e10
2.2659672080689507e10
2.2683084940774834e10
2.270802622580816e10
2.2732967510841484e10
2.2758090547742893e10
2.2783213584644302e10
2.280936407069119e10
2.2835514556738075e10
2.286166504278496e10
2.288781552883185e10
2.2913966014878735e10
2.2941684068046387e10
2.296940212121404e10
2.299712017438169e10
2.3025798714567364e10
2.3054477254753036e10
2.308315579493871e10
2.3111834335124382e10
2.3140512875310055e10
2.3169191415495728e10
2.31978699556814e10
2.3227300214067318e10
2.3256730472453236e10
2.3286160730839153e10
2.331559098922507e10
2.334502124761099e10
2.3374451505996906e10
2.3400881216815907e10
2.3427310927634907e10
2.3453740638453907e10
2.3480170349272907e10
2.350930895568807e10
2.353844756210323e10
2.356758616851839e10
2.3596899678049515e10
2.362621318758064e10
2.3656088967955143e10
2.3686326368241566e10
2.371656376852799e10
2.374680116881441e10
2.3777038569100834e10
2.3807275969387257e10
2.383751336967368e10
2.3867750769960102e10
2.3897988170246525e10
2.392129440227455e10
2.3944600634302578e10
2.3970905015031284e10
2.399720939575999e10
2.4023655825120205e10
2.405010225448042e10
2.407717980619373e10
2.410517819995045e10
2.4133176593707172e10
2.4161635053932724e10
2.4190093514158276e10
2.4218551974383827e10
2.424701043460938e10
2.427546889483493e10
2.430672476004109e10
2.4332646552979534e10
2.435856834591798e10
2.4382132005202793e10
2.4401578327920036e10
2.442138588528057e10
2.444306173438198e10
2.446473758348339e10
2.4486502918917942e10
2.4508268254352493e10
2.4531977912570526e10
2.455568757078856e10
2.457939722900659e10
2.4603106887224625e10
2.462747167945098e10
2.4651836471677338e10
2.4676201263903694e10
2.4703966998760517e10
2.472601350646798e10
2.475081870002691e10
2.477562389358584e10
2.4803950986474384e10
2.4826004889186275e10
2.48491567347337e10
2.4872308580281124e10
2.489546042582855e10
2.492070620032471e10
2.4945951974820873e10
2.4971197749317036e10
2.4997836924125145e10
2.5024476098933254e10
2.5051115273741364e10
2.5077754448549473e10
2.5104804895288948e10
2.5131855342028423e10
2.51589057887679e10
2.5185956235507374e10
2.521300668224685e10
2.5240057128986324e10
2.52671075757258e10
2.5294158022465275e10
2.532132338983993e10
2.534848875721459e10
2.5375654124589245e10
2.54028194919639e10
2.542998485933856e10
2.5457150226713215e10
2.548431559408787e10
2.551325991821171e10
2.5542204242335552e10
2.5571148566459393e10
2.5600092890583233e10
2.5629037214707073e10
2.5657981538830914e10
2.5686925862954754e10
2.5715870187078594e10
2.5744814511202435e10
2.5772121610345142e10
2.5794702184801136e10
2.5818093803302666e10
2.5841485421804195e10
2.586589231928786e10
2.5890299216771526e10
2.5914931569952747e10
2.5935083976903606e10
2.5955236383854465e10
2.5975388790805325e10
2.599850552812285e10
2.6021622265440372e10
2.6045733083156834e10
2.6069843900873295e10
2.6094657767540386e10
2.6119471634207478e10
2.6145037734080296e10
2.6170603833953114e10
2.619616993382593e10
2.622173603369875e10
2.624827298899618e10
2.6274809944293613e10
2.6301346899591045e10
2.6328047704255287e10
2.635474850891953e10
2.638144931358377e10
2.6408215084008987e10
2.6434980854434204e10
2.645902679234435e10
2.6483072730254494e10
2.650711866816464e10
2.6531164606074783e10
2.6556651962583813e10
2.6582139319092842e10
2.660762667560187e10
2.6633197982621544e10
2.6658769289641216e10
2.668434059666089e10
2.670991190368056e10
2.6735643556423306e10
2.676137520916605e10
2.6787106861908794e10
2.681283851465154e10
2.6838570167394283e10
2.6864301820137028e10
2.6890033472879772e10
2.6915765125622517e10
2.694149677836526e10
2.6967228431108006e10
2.699296008385075e10
2.7018691736593494e10
2.704442338933624e10
2.707174261166483e10
2.709906183399342e10
2.71265694187499e10
2.7154077003506382e10
2.7181584588262863e10
2.7209092173019344e10
2.723835775717684e10
2.726762334133434e10
2.7293949528184296e10
2.7320275715034252e10
2.7349915921967735e10
2.737955612890122e10
2.74091963358347e10
2.7438836542768185e10
2.7468597537847244e10
2.7498358532926304e10
2.7528482373544273e10
2.755513666336139e10
2.7581790953178505e10
2.7608912523327595e10
2.7636057218405857e10
2.766320191348412e10
2.769094379523328e10
2.771868567698244e10
2.77464275587316e10
2.7775595261841415e10
2.780476296495123e10
2.7833930668061043e10
2.7863098371170856e10
2.7894347755222126e10
2.7925597139273396e10
2.7956846523324665e10
2.7988095907375935e10
2.8019345291427204e10
2.8050594675478474e10
2.8081844059529743e10
2.8113093443581013e10
2.8140768067326027e10
2.8165165342819126e10
2.8189562618312225e10
2.8214956282528095e10
2.8240349946743965e10
2.8265743610959835e10
2.8291268378842995e10
2.8316793146726154e10
2.8342317914609314e10
2.8368102786570408e10
2.83938876585315e10
2.8421103442508564e10
2.8448319226485626e10
2.847553501046269e10
2.850275079443975e10
2.8525170995374466e10
2.855137148193707e10
2.8577571968499672e10
2.8603772455062275e10
2.8629972941624878e10
2.865617342818748e10
2.8682373914750084e10
2.8708574401312687e10
2.873527648000636e10
2.876197855870003e10
2.8788680637393703e10
2.881774301054929e10
2.8841550455179554e10
2.886535789980982e10
2.8889165344440083e10
2.8914446697691677e10
2.893972805094327e10
2.8965252486026134e10
2.8990776921108997e10
2.901630135619186e10
2.904320704035003e10
2.9070112724508198e10
2.9097018408666367e10
2.9123924092824535e10
2.9150829776982704e10
2.9177735461140873e10
2.920464114529904e10
2.923154682945721e10
2.925992869278214e10
2.9288310556107067e10
2.9316692419431995e10
2.9345074282756924e10
2.9373456146081852e10
2.940183800940678e10
2.943021987273171e10
2.9458601736056637e10
2.9486983599381565e10
2.951197817742879e10
2.9536972755476017e10
2.9563465662086285e10
2.9589958568696552e10
2.961645147530682e10
2.9642944381917088e10
2.9669437288527355e10
2.9697172910594e10
2.972490853266065e10
2.9752644154727295e10
2.978037977679394e10
2.9808115398860588e10
2.983601617164172e10
2.9865302727915386e10
2.9894589284189053e10
2.992387584046272e10
2.9953766158340088e10
2.9983656476217457e10
3.0013546794094826e10
3.0043437111972195e10
3.0069384089873394e10
3.0095331067774593e10
3.0121278045675793e10
3.0147928760451412e10
3.0174613980123447e10
3.0201299199795483e10
3.0227984419467518e10
3.02548161045421e10
3.028164778961668e10
3.030847947469126e10
3.0332646234711563e10
3.0352768277405354e10
3.037573225021585e10
3.039869622302635e10
3.0422515466797977e10
3.044754330909444e10
3.0472571151390903e10
3.0497598993687366e10
3.052262683598383e10
3.0548587206629528e10
3.0574547577275227e10
3.060144686077739e10
3.0628346144279552e10
3.0655245427781715e10
3.068214471128388e10
3.070904399478604e10
3.073734133737543e10
3.076069569391653e10
3.0785342609848843e10
3.0809989525781155e10
3.0834636441713467e10
3.0862128207971264e10
3.0884650200651596e10
3.0908833616619473e10
3.093301703258735e10
3.0960342222038002e10
3.0987667411488655e10
3.1015008819339924e10
3.1042350227191193e10
3.106969163504246e10
3.109703304289373e10
3.112462004876263e10
3.1152563185879444e10
3.118198852333154e10
3.1205718028228645e10
3.122944753312575e10
3.125461377965241e10
3.1279780026179066e10
3.1304946272705723e10
3.133011251923238e10
3.1355278765759037e10
3.1380908538275066e10
3.1406538310791096e10
3.1432168083307125e10
3.1457797855823154e10
3.148526948227431e10
3.1512741108725468e10
3.1536e10
